# W => 2.0e6
# method => lookup
# mantle temperature => 1573.0
# melting plot interval => 6.3e13
# max step => -1
# nx => 101
# lithosphere thickness => 90000.16
# marky => 12
# plot interval field => 1.575e14
# plot interval marker => 1.575e15
# H => 2.85e6
# g => 10.0
# ny => 143
# Tcmb => 2998.5489127396577
# max time => 9.45e15
# output directory => /nfs/peloton/waltz/rudolphlab/mpi-io-DOES-NOT-WORK-ON-HIVE/qxl51/plume-melt/plume_150000.7_350.0_90000.16
# eclogite frac => 0.25
# markx => 6
1	0.000000e+00	0.000000e+00	0.000000e+00	0.000000e+00
2	1.000000e+10	0.000000e+00	0.000000e+00	0.000000e+00
3	2.200000e+10	0.000000e+00	0.000000e+00	0.000000e+00
4	3.640000e+10	0.000000e+00	0.000000e+00	0.000000e+00
5	5.368000e+10	0.000000e+00	0.000000e+00	0.000000e+00
6	7.441600e+10	0.000000e+00	0.000000e+00	0.000000e+00
7	9.929920e+10	0.000000e+00	0.000000e+00	0.000000e+00
8	1.291590e+11	0.000000e+00	0.000000e+00	0.000000e+00
9	1.649908e+11	0.000000e+00	0.000000e+00	0.000000e+00
10	2.079890e+11	0.000000e+00	0.000000e+00	0.000000e+00
11	2.595868e+11	0.000000e+00	0.000000e+00	0.000000e+00
12	3.215042e+11	0.000000e+00	0.000000e+00	0.000000e+00
13	3.958050e+11	0.000000e+00	0.000000e+00	0.000000e+00
14	4.849660e+11	0.000000e+00	0.000000e+00	0.000000e+00
15	5.919592e+11	0.000000e+00	0.000000e+00	0.000000e+00
16	7.203511e+11	0.000000e+00	0.000000e+00	0.000000e+00
17	8.744213e+11	0.000000e+00	0.000000e+00	0.000000e+00
18	1.059306e+12	0.000000e+00	0.000000e+00	0.000000e+00
19	1.281167e+12	0.000000e+00	0.000000e+00	0.000000e+00
20	1.547400e+12	0.000000e+00	0.000000e+00	0.000000e+00
21	1.866880e+12	0.000000e+00	0.000000e+00	0.000000e+00
22	2.250256e+12	0.000000e+00	0.000000e+00	0.000000e+00
23	2.710307e+12	0.000000e+00	0.000000e+00	0.000000e+00
24	3.262369e+12	0.000000e+00	0.000000e+00	0.000000e+00
25	3.924842e+12	0.000000e+00	0.000000e+00	0.000000e+00
26	4.719811e+12	0.000000e+00	0.000000e+00	0.000000e+00
27	5.673773e+12	0.000000e+00	0.000000e+00	0.000000e+00
28	6.818528e+12	0.000000e+00	0.000000e+00	0.000000e+00
29	8.192233e+12	0.000000e+00	0.000000e+00	0.000000e+00
30	9.840680e+12	0.000000e+00	0.000000e+00	0.000000e+00
31	1.181882e+13	0.000000e+00	0.000000e+00	0.000000e+00
32	1.419258e+13	0.000000e+00	0.000000e+00	0.000000e+00
33	1.704109e+13	0.000000e+00	0.000000e+00	0.000000e+00
34	2.045931e+13	0.000000e+00	0.000000e+00	0.000000e+00
35	2.456118e+13	0.000000e+00	0.000000e+00	0.000000e+00
36	2.948341e+13	0.000000e+00	0.000000e+00	0.000000e+00
37	3.539009e+13	0.000000e+00	0.000000e+00	0.000000e+00
38	4.247811e+13	0.000000e+00	0.000000e+00	0.000000e+00
39	5.098373e+13	0.000000e+00	0.000000e+00	0.000000e+00
40	6.119048e+13	0.000000e+00	0.000000e+00	0.000000e+00
41	7.343858e+13	0.000000e+00	0.000000e+00	0.000000e+00
42	8.813629e+13	0.000000e+00	0.000000e+00	0.000000e+00
43	1.057736e+14	0.000000e+00	0.000000e+00	0.000000e+00
44	1.269383e+14	0.000000e+00	0.000000e+00	0.000000e+00
45	1.523359e+14	0.000000e+00	0.000000e+00	0.000000e+00
46	1.828131e+14	0.000000e+00	0.000000e+00	0.000000e+00
47	2.193857e+14	0.000000e+00	0.000000e+00	0.000000e+00
48	2.632729e+14	0.000000e+00	0.000000e+00	0.000000e+00
49	3.159374e+14	0.000000e+00	0.000000e+00	0.000000e+00
50	3.612993e+14	0.000000e+00	0.000000e+00	0.000000e+00
51	3.877852e+14	0.000000e+00	0.000000e+00	0.000000e+00
52	4.069622e+14	0.000000e+00	0.000000e+00	0.000000e+00
53	4.222547e+14	0.000000e+00	0.000000e+00	0.000000e+00
54	4.352686e+14	0.000000e+00	0.000000e+00	0.000000e+00
55	4.468008e+14	0.000000e+00	0.000000e+00	0.000000e+00
56	4.573977e+14	0.000000e+00	0.000000e+00	0.000000e+00
57	4.671993e+14	0.000000e+00	0.000000e+00	0.000000e+00
58	4.764092e+14	0.000000e+00	0.000000e+00	0.000000e+00
59	4.851492e+14	0.000000e+00	0.000000e+00	0.000000e+00
60	4.935794e+14	0.000000e+00	0.000000e+00	0.000000e+00
61	5.017882e+14	0.000000e+00	0.000000e+00	0.000000e+00
62	5.098502e+14	0.000000e+00	0.000000e+00	0.000000e+00
63	5.178369e+14	0.000000e+00	0.000000e+00	0.000000e+00
64	5.257713e+14	0.000000e+00	0.000000e+00	0.000000e+00
65	5.337163e+14	0.000000e+00	0.000000e+00	0.000000e+00
66	5.417389e+14	0.000000e+00	0.000000e+00	0.000000e+00
67	5.497999e+14	0.000000e+00	0.000000e+00	0.000000e+00
68	5.579324e+14	0.000000e+00	0.000000e+00	0.000000e+00
69	5.660081e+14	0.000000e+00	0.000000e+00	0.000000e+00
70	5.740191e+14	0.000000e+00	0.000000e+00	0.000000e+00
71	5.820341e+14	0.000000e+00	0.000000e+00	0.000000e+00
72	5.900719e+14	0.000000e+00	0.000000e+00	0.000000e+00
73	5.981959e+14	0.000000e+00	0.000000e+00	0.000000e+00
74	6.063837e+14	0.000000e+00	0.000000e+00	0.000000e+00
75	6.147040e+14	0.000000e+00	0.000000e+00	0.000000e+00
76	6.231700e+14	0.000000e+00	0.000000e+00	0.000000e+00
77	6.317306e+14	0.000000e+00	0.000000e+00	0.000000e+00
78	6.405253e+14	0.000000e+00	0.000000e+00	0.000000e+00
79	6.494345e+14	0.000000e+00	0.000000e+00	0.000000e+00
80	6.585162e+14	0.000000e+00	0.000000e+00	0.000000e+00
81	6.677748e+14	0.000000e+00	0.000000e+00	0.000000e+00
82	6.771651e+14	0.000000e+00	0.000000e+00	0.000000e+00
83	6.865739e+14	0.000000e+00	0.000000e+00	0.000000e+00
84	6.959562e+14	0.000000e+00	0.000000e+00	0.000000e+00
85	7.054193e+14	0.000000e+00	0.000000e+00	0.000000e+00
86	7.150006e+14	0.000000e+00	0.000000e+00	0.000000e+00
87	7.246236e+14	0.000000e+00	0.000000e+00	0.000000e+00
88	7.342660e+14	0.000000e+00	0.000000e+00	0.000000e+00
89	7.440082e+14	0.000000e+00	0.000000e+00	0.000000e+00
90	7.537908e+14	0.000000e+00	0.000000e+00	0.000000e+00
91	7.636551e+14	0.000000e+00	0.000000e+00	0.000000e+00
92	7.736863e+14	0.000000e+00	0.000000e+00	0.000000e+00
93	7.837649e+14	0.000000e+00	0.000000e+00	0.000000e+00
94	7.940048e+14	0.000000e+00	0.000000e+00	0.000000e+00
95	8.043073e+14	0.000000e+00	0.000000e+00	0.000000e+00
96	8.147480e+14	0.000000e+00	0.000000e+00	0.000000e+00
97	8.252867e+14	0.000000e+00	0.000000e+00	0.000000e+00
98	8.359522e+14	0.000000e+00	0.000000e+00	0.000000e+00
99	8.468071e+14	0.000000e+00	0.000000e+00	0.000000e+00
100	8.577247e+14	0.000000e+00	0.000000e+00	0.000000e+00
101	8.688147e+14	0.000000e+00	0.000000e+00	0.000000e+00
102	8.800742e+14	0.000000e+00	0.000000e+00	0.000000e+00
103	8.915092e+14	0.000000e+00	0.000000e+00	0.000000e+00
104	9.031409e+14	0.000000e+00	0.000000e+00	0.000000e+00
105	9.149064e+14	0.000000e+00	0.000000e+00	0.000000e+00
106	9.269036e+14	0.000000e+00	0.000000e+00	0.000000e+00
107	9.391813e+14	0.000000e+00	0.000000e+00	0.000000e+00
108	9.515576e+14	0.000000e+00	0.000000e+00	0.000000e+00
109	9.642432e+14	0.000000e+00	0.000000e+00	0.000000e+00
110	9.772767e+14	0.000000e+00	0.000000e+00	0.000000e+00
111	9.904511e+14	0.000000e+00	0.000000e+00	0.000000e+00
112	1.004052e+15	0.000000e+00	0.000000e+00	0.000000e+00
113	1.017201e+15	0.000000e+00	0.000000e+00	0.000000e+00
114	1.030894e+15	0.000000e+00	0.000000e+00	0.000000e+00
115	1.045043e+15	0.000000e+00	0.000000e+00	0.000000e+00
116	1.059354e+15	0.000000e+00	0.000000e+00	0.000000e+00
117	1.073827e+15	0.000000e+00	0.000000e+00	0.000000e+00
118	1.087765e+15	0.000000e+00	0.000000e+00	0.000000e+00
119	1.101324e+15	0.000000e+00	0.000000e+00	0.000000e+00
120	1.114785e+15	0.000000e+00	0.000000e+00	0.000000e+00
121	1.128182e+15	0.000000e+00	0.000000e+00	0.000000e+00
122	1.141823e+15	0.000000e+00	0.000000e+00	0.000000e+00
123	1.155656e+15	0.000000e+00	0.000000e+00	0.000000e+00
124	1.169575e+15	0.000000e+00	0.000000e+00	0.000000e+00
125	1.183626e+15	0.000000e+00	0.000000e+00	0.000000e+00
126	1.197662e+15	0.000000e+00	0.000000e+00	0.000000e+00
127	1.211889e+15	0.000000e+00	0.000000e+00	0.000000e+00
128	1.226184e+15	0.000000e+00	0.000000e+00	0.000000e+00
129	1.240616e+15	0.000000e+00	0.000000e+00	0.000000e+00
130	1.255285e+15	0.000000e+00	0.000000e+00	0.000000e+00
131	1.269944e+15	0.000000e+00	0.000000e+00	0.000000e+00
132	1.284559e+15	0.000000e+00	0.000000e+00	0.000000e+00
133	1.300283e+15	0.000000e+00	0.000000e+00	0.000000e+00
134	1.315326e+15	0.000000e+00	0.000000e+00	0.000000e+00
135	1.329831e+15	0.000000e+00	0.000000e+00	0.000000e+00
136	1.344346e+15	0.000000e+00	0.000000e+00	0.000000e+00
137	1.358591e+15	0.000000e+00	0.000000e+00	0.000000e+00
138	1.373130e+15	0.000000e+00	0.000000e+00	0.000000e+00
139	1.388445e+15	0.000000e+00	0.000000e+00	0.000000e+00
140	1.403776e+15	0.000000e+00	0.000000e+00	0.000000e+00
141	1.418623e+15	0.000000e+00	0.000000e+00	0.000000e+00
142	1.434368e+15	0.000000e+00	0.000000e+00	0.000000e+00
143	1.449852e+15	0.000000e+00	0.000000e+00	0.000000e+00
144	1.466226e+15	0.000000e+00	0.000000e+00	0.000000e+00
145	1.482196e+15	0.000000e+00	0.000000e+00	0.000000e+00
146	1.497864e+15	0.000000e+00	0.000000e+00	0.000000e+00
147	1.513701e+15	0.000000e+00	0.000000e+00	0.000000e+00
148	1.529161e+15	0.000000e+00	0.000000e+00	0.000000e+00
149	1.545147e+15	0.000000e+00	0.000000e+00	0.000000e+00
150	1.560734e+15	0.000000e+00	0.000000e+00	0.000000e+00
151	1.575787e+15	0.000000e+00	0.000000e+00	0.000000e+00
152	1.590628e+15	0.000000e+00	0.000000e+00	0.000000e+00
153	1.605184e+15	0.000000e+00	0.000000e+00	0.000000e+00
154	1.619496e+15	0.000000e+00	0.000000e+00	0.000000e+00
155	1.633398e+15	0.000000e+00	0.000000e+00	0.000000e+00
156	1.646742e+15	0.000000e+00	0.000000e+00	0.000000e+00
157	1.659824e+15	0.000000e+00	0.000000e+00	0.000000e+00
158	1.672491e+15	0.000000e+00	0.000000e+00	0.000000e+00
159	1.684859e+15	0.000000e+00	0.000000e+00	0.000000e+00
160	1.696933e+15	0.000000e+00	0.000000e+00	0.000000e+00
161	1.708859e+15	0.000000e+00	0.000000e+00	0.000000e+00
162	1.720545e+15	0.000000e+00	0.000000e+00	0.000000e+00
163	1.731985e+15	0.000000e+00	0.000000e+00	0.000000e+00
164	1.743221e+15	0.000000e+00	0.000000e+00	0.000000e+00
165	1.754112e+15	0.000000e+00	0.000000e+00	0.000000e+00
166	1.764786e+15	0.000000e+00	0.000000e+00	0.000000e+00
167	1.775248e+15	0.000000e+00	0.000000e+00	0.000000e+00
168	1.785573e+15	0.000000e+00	0.000000e+00	0.000000e+00
169	1.795759e+15	0.000000e+00	0.000000e+00	0.000000e+00
170	1.805819e+15	0.000000e+00	0.000000e+00	0.000000e+00
171	1.815730e+15	0.000000e+00	0.000000e+00	0.000000e+00
172	1.825530e+15	0.000000e+00	0.000000e+00	0.000000e+00
173	1.835274e+15	0.000000e+00	0.000000e+00	0.000000e+00
174	1.844943e+15	0.000000e+00	0.000000e+00	0.000000e+00
175	1.854574e+15	0.000000e+00	0.000000e+00	0.000000e+00
176	1.864204e+15	0.000000e+00	0.000000e+00	0.000000e+00
177	1.873815e+15	0.000000e+00	0.000000e+00	0.000000e+00
178	1.883413e+15	0.000000e+00	0.000000e+00	0.000000e+00
179	1.893044e+15	0.000000e+00	0.000000e+00	0.000000e+00
180	1.902653e+15	0.000000e+00	0.000000e+00	0.000000e+00
181	1.912317e+15	0.000000e+00	0.000000e+00	0.000000e+00
182	1.922012e+15	0.000000e+00	0.000000e+00	0.000000e+00
183	1.931677e+15	0.000000e+00	0.000000e+00	0.000000e+00
184	1.941406e+15	0.000000e+00	0.000000e+00	0.000000e+00
185	1.951089e+15	0.000000e+00	0.000000e+00	0.000000e+00
186	1.960881e+15	0.000000e+00	0.000000e+00	0.000000e+00
187	1.970723e+15	0.000000e+00	0.000000e+00	0.000000e+00
188	1.980503e+15	0.000000e+00	0.000000e+00	0.000000e+00
189	1.990375e+15	0.000000e+00	0.000000e+00	0.000000e+00
190	2.000245e+15	0.000000e+00	0.000000e+00	0.000000e+00
191	2.010152e+15	0.000000e+00	0.000000e+00	0.000000e+00
192	2.020088e+15	0.000000e+00	0.000000e+00	0.000000e+00
193	2.030021e+15	0.000000e+00	0.000000e+00	0.000000e+00
194	2.040085e+15	0.000000e+00	0.000000e+00	0.000000e+00
195	2.050094e+15	0.000000e+00	0.000000e+00	0.000000e+00
196	2.060049e+15	0.000000e+00	0.000000e+00	0.000000e+00
197	2.069949e+15	0.000000e+00	0.000000e+00	0.000000e+00
198	2.079783e+15	0.000000e+00	0.000000e+00	0.000000e+00
199	2.089576e+15	0.000000e+00	0.000000e+00	0.000000e+00
200	2.099292e+15	0.000000e+00	0.000000e+00	0.000000e+00
201	2.109057e+15	0.000000e+00	0.000000e+00	0.000000e+00
202	2.118718e+15	0.000000e+00	0.000000e+00	0.000000e+00
203	2.128329e+15	0.000000e+00	0.000000e+00	0.000000e+00
204	2.137944e+15	0.000000e+00	0.000000e+00	0.000000e+00
205	2.147416e+15	0.000000e+00	0.000000e+00	0.000000e+00
206	2.156936e+15	0.000000e+00	0.000000e+00	0.000000e+00
207	2.166414e+15	0.000000e+00	0.000000e+00	0.000000e+00
208	2.175855e+15	0.000000e+00	0.000000e+00	0.000000e+00
209	2.185343e+15	0.000000e+00	0.000000e+00	0.000000e+00
210	2.194739e+15	0.000000e+00	0.000000e+00	0.000000e+00
211	2.204221e+15	0.000000e+00	0.000000e+00	0.000000e+00
212	2.213648e+15	0.000000e+00	0.000000e+00	0.000000e+00
213	2.223145e+15	0.000000e+00	0.000000e+00	0.000000e+00
214	2.232666e+15	0.000000e+00	0.000000e+00	0.000000e+00
215	2.242251e+15	0.000000e+00	0.000000e+00	0.000000e+00
216	2.251802e+15	0.000000e+00	0.000000e+00	0.000000e+00
217	2.261410e+15	0.000000e+00	0.000000e+00	0.000000e+00
218	2.271069e+15	0.000000e+00	0.000000e+00	0.000000e+00
219	2.280785e+15	0.000000e+00	0.000000e+00	0.000000e+00
220	2.290583e+15	0.000000e+00	0.000000e+00	0.000000e+00
221	2.300370e+15	0.000000e+00	0.000000e+00	0.000000e+00
222	2.310349e+15	0.000000e+00	0.000000e+00	0.000000e+00
223	2.320409e+15	0.000000e+00	0.000000e+00	0.000000e+00
224	2.330473e+15	0.000000e+00	0.000000e+00	0.000000e+00
225	2.340570e+15	0.000000e+00	0.000000e+00	0.000000e+00
226	2.350733e+15	0.000000e+00	0.000000e+00	0.000000e+00
227	2.361045e+15	0.000000e+00	0.000000e+00	0.000000e+00
228	2.371282e+15	0.000000e+00	0.000000e+00	0.000000e+00
229	2.381558e+15	0.000000e+00	0.000000e+00	0.000000e+00
230	2.392013e+15	0.000000e+00	0.000000e+00	0.000000e+00
231	2.402637e+15	0.000000e+00	0.000000e+00	0.000000e+00
232	2.413215e+15	0.000000e+00	0.000000e+00	0.000000e+00
233	2.423767e+15	0.000000e+00	0.000000e+00	0.000000e+00
234	2.434311e+15	0.000000e+00	0.000000e+00	0.000000e+00
235	2.444793e+15	0.000000e+00	0.000000e+00	0.000000e+00
236	2.455267e+15	0.000000e+00	0.000000e+00	0.000000e+00
237	2.465848e+15	0.000000e+00	0.000000e+00	0.000000e+00
238	2.476521e+15	0.000000e+00	0.000000e+00	0.000000e+00
239	2.487307e+15	0.000000e+00	0.000000e+00	0.000000e+00
240	2.498135e+15	0.000000e+00	0.000000e+00	0.000000e+00
241	2.508996e+15	0.000000e+00	0.000000e+00	0.000000e+00
242	2.520008e+15	0.000000e+00	0.000000e+00	0.000000e+00
243	2.531182e+15	0.000000e+00	0.000000e+00	0.000000e+00
244	2.542516e+15	0.000000e+00	0.000000e+00	0.000000e+00
245	2.554029e+15	0.000000e+00	0.000000e+00	0.000000e+00
246	2.565572e+15	0.000000e+00	0.000000e+00	0.000000e+00
247	2.576413e+15	0.000000e+00	0.000000e+00	0.000000e+00
248	2.588121e+15	0.000000e+00	0.000000e+00	0.000000e+00
249	2.600067e+15	0.000000e+00	0.000000e+00	0.000000e+00
250	2.609456e+15	0.000000e+00	0.000000e+00	0.000000e+00
251	2.620699e+15	0.000000e+00	0.000000e+00	0.000000e+00
252	2.632103e+15	0.000000e+00	0.000000e+00	0.000000e+00
253	2.641512e+15	0.000000e+00	0.000000e+00	0.000000e+00
254	2.652141e+15	0.000000e+00	0.000000e+00	0.000000e+00
255	2.662267e+15	0.000000e+00	0.000000e+00	0.000000e+00
256	2.672875e+15	0.000000e+00	0.000000e+00	0.000000e+00
257	2.681598e+15	0.000000e+00	0.000000e+00	0.000000e+00
258	2.691647e+15	0.000000e+00	0.000000e+00	0.000000e+00
259	2.701375e+15	0.000000e+00	0.000000e+00	0.000000e+00
260	2.710781e+15	0.000000e+00	0.000000e+00	0.000000e+00
261	2.719903e+15	0.000000e+00	0.000000e+00	0.000000e+00
262	2.728835e+15	0.000000e+00	0.000000e+00	0.000000e+00
263	2.737580e+15	0.000000e+00	0.000000e+00	0.000000e+00
264	2.746105e+15	0.000000e+00	0.000000e+00	0.000000e+00
265	2.754496e+15	0.000000e+00	0.000000e+00	0.000000e+00
266	2.762845e+15	0.000000e+00	0.000000e+00	0.000000e+00
267	2.771165e+15	0.000000e+00	0.000000e+00	0.000000e+00
268	2.779466e+15	0.000000e+00	0.000000e+00	0.000000e+00
269	2.787798e+15	0.000000e+00	0.000000e+00	0.000000e+00
270	2.796133e+15	0.000000e+00	0.000000e+00	0.000000e+00
271	2.804448e+15	0.000000e+00	0.000000e+00	0.000000e+00
272	2.812786e+15	0.000000e+00	0.000000e+00	0.000000e+00
273	2.821185e+15	0.000000e+00	0.000000e+00	0.000000e+00
274	2.829649e+15	0.000000e+00	0.000000e+00	0.000000e+00
275	2.838144e+15	0.000000e+00	0.000000e+00	0.000000e+00
276	2.846702e+15	0.000000e+00	0.000000e+00	0.000000e+00
277	2.855302e+15	0.000000e+00	0.000000e+00	0.000000e+00
278	2.863990e+15	0.000000e+00	0.000000e+00	0.000000e+00
279	2.872767e+15	0.000000e+00	0.000000e+00	0.000000e+00
280	2.881652e+15	0.000000e+00	0.000000e+00	0.000000e+00
281	2.890671e+15	0.000000e+00	0.000000e+00	0.000000e+00
282	2.899783e+15	0.000000e+00	0.000000e+00	0.000000e+00
283	2.908983e+15	0.000000e+00	0.000000e+00	0.000000e+00
284	2.918255e+15	0.000000e+00	0.000000e+00	0.000000e+00
285	2.927652e+15	0.000000e+00	0.000000e+00	0.000000e+00
286	2.937139e+15	0.000000e+00	0.000000e+00	0.000000e+00
287	2.946700e+15	0.000000e+00	0.000000e+00	0.000000e+00
288	2.956461e+15	0.000000e+00	0.000000e+00	0.000000e+00
289	2.966436e+15	0.000000e+00	0.000000e+00	0.000000e+00
290	2.976523e+15	0.000000e+00	0.000000e+00	0.000000e+00
291	2.986626e+15	0.000000e+00	0.000000e+00	0.000000e+00
292	2.996709e+15	0.000000e+00	0.000000e+00	0.000000e+00
293	3.007043e+15	0.000000e+00	0.000000e+00	0.000000e+00
294	3.017476e+15	0.000000e+00	0.000000e+00	0.000000e+00
295	3.028172e+15	0.000000e+00	0.000000e+00	0.000000e+00
296	3.039101e+15	0.000000e+00	0.000000e+00	0.000000e+00
297	3.050051e+15	0.000000e+00	0.000000e+00	0.000000e+00
298	3.060968e+15	0.000000e+00	0.000000e+00	0.000000e+00
299	3.071864e+15	0.000000e+00	0.000000e+00	0.000000e+00
300	3.082753e+15	0.000000e+00	0.000000e+00	0.000000e+00
301	3.093692e+15	0.000000e+00	0.000000e+00	0.000000e+00
302	3.104706e+15	0.000000e+00	0.000000e+00	0.000000e+00
303	3.116019e+15	0.000000e+00	0.000000e+00	0.000000e+00
304	3.126994e+15	0.000000e+00	0.000000e+00	0.000000e+00
305	3.137816e+15	0.000000e+00	0.000000e+00	0.000000e+00
306	3.149367e+15	0.000000e+00	0.000000e+00	0.000000e+00
307	3.161016e+15	0.000000e+00	0.000000e+00	0.000000e+00
308	3.172833e+15	0.000000e+00	0.000000e+00	0.000000e+00
309	3.184663e+15	0.000000e+00	0.000000e+00	0.000000e+00
310	3.196738e+15	0.000000e+00	0.000000e+00	0.000000e+00
311	3.209041e+15	0.000000e+00	0.000000e+00	0.000000e+00
312	3.221366e+15	0.000000e+00	0.000000e+00	0.000000e+00
313	3.233667e+15	0.000000e+00	0.000000e+00	0.000000e+00
314	3.244845e+15	0.000000e+00	0.000000e+00	0.000000e+00
315	3.256832e+15	0.000000e+00	0.000000e+00	0.000000e+00
316	3.268775e+15	0.000000e+00	0.000000e+00	0.000000e+00
317	3.280608e+15	0.000000e+00	0.000000e+00	0.000000e+00
318	3.292434e+15	0.000000e+00	0.000000e+00	0.000000e+00
319	3.302344e+15	0.000000e+00	0.000000e+00	0.000000e+00
320	3.313813e+15	0.000000e+00	0.000000e+00	0.000000e+00
321	3.325235e+15	0.000000e+00	0.000000e+00	0.000000e+00
322	3.336558e+15	0.000000e+00	0.000000e+00	0.000000e+00
323	3.347811e+15	0.000000e+00	0.000000e+00	0.000000e+00
324	3.358931e+15	0.000000e+00	0.000000e+00	0.000000e+00
325	3.369957e+15	0.000000e+00	0.000000e+00	0.000000e+00
326	3.380873e+15	0.000000e+00	0.000000e+00	0.000000e+00
327	3.391682e+15	0.000000e+00	0.000000e+00	0.000000e+00
328	3.402349e+15	0.000000e+00	0.000000e+00	0.000000e+00
329	3.412848e+15	0.000000e+00	0.000000e+00	0.000000e+00
330	3.423133e+15	0.000000e+00	0.000000e+00	0.000000e+00
331	3.433223e+15	0.000000e+00	0.000000e+00	0.000000e+00
332	3.443125e+15	0.000000e+00	0.000000e+00	0.000000e+00
333	3.452824e+15	0.000000e+00	0.000000e+00	0.000000e+00
334	3.462378e+15	0.000000e+00	0.000000e+00	0.000000e+00
335	3.471853e+15	0.000000e+00	0.000000e+00	0.000000e+00
336	3.481279e+15	0.000000e+00	0.000000e+00	0.000000e+00
337	3.490585e+15	0.000000e+00	0.000000e+00	0.000000e+00
338	3.499793e+15	0.000000e+00	0.000000e+00	0.000000e+00
339	3.508991e+15	0.000000e+00	0.000000e+00	0.000000e+00
340	3.518136e+15	0.000000e+00	0.000000e+00	0.000000e+00
341	3.527216e+15	0.000000e+00	0.000000e+00	0.000000e+00
342	3.536257e+15	0.000000e+00	0.000000e+00	0.000000e+00
343	3.545272e+15	0.000000e+00	0.000000e+00	0.000000e+00
344	3.554255e+15	0.000000e+00	0.000000e+00	0.000000e+00
345	3.563250e+15	0.000000e+00	0.000000e+00	0.000000e+00
346	3.572295e+15	0.000000e+00	0.000000e+00	0.000000e+00
347	3.581365e+15	0.000000e+00	0.000000e+00	0.000000e+00
348	3.590490e+15	0.000000e+00	0.000000e+00	0.000000e+00
349	3.599708e+15	0.000000e+00	0.000000e+00	0.000000e+00
350	3.609035e+15	0.000000e+00	0.000000e+00	0.000000e+00
351	3.618446e+15	0.000000e+00	0.000000e+00	0.000000e+00
352	3.627873e+15	0.000000e+00	0.000000e+00	0.000000e+00
353	3.637307e+15	0.000000e+00	0.000000e+00	0.000000e+00
354	3.646737e+15	0.000000e+00	0.000000e+00	0.000000e+00
355	3.656216e+15	0.000000e+00	0.000000e+00	0.000000e+00
356	3.665697e+15	0.000000e+00	0.000000e+00	0.000000e+00
357	3.675210e+15	0.000000e+00	0.000000e+00	0.000000e+00
358	3.684768e+15	0.000000e+00	0.000000e+00	0.000000e+00
359	3.694369e+15	0.000000e+00	0.000000e+00	0.000000e+00
360	3.704065e+15	0.000000e+00	0.000000e+00	0.000000e+00
361	3.713845e+15	0.000000e+00	0.000000e+00	0.000000e+00
362	3.723751e+15	0.000000e+00	0.000000e+00	0.000000e+00
363	3.733820e+15	0.000000e+00	0.000000e+00	0.000000e+00
364	3.744065e+15	0.000000e+00	0.000000e+00	0.000000e+00
365	3.754513e+15	0.000000e+00	0.000000e+00	0.000000e+00
366	3.765227e+15	0.000000e+00	0.000000e+00	0.000000e+00
367	3.776167e+15	0.000000e+00	0.000000e+00	0.000000e+00
368	3.787292e+15	0.000000e+00	0.000000e+00	0.000000e+00
369	3.798537e+15	0.000000e+00	0.000000e+00	0.000000e+00
370	3.809806e+15	0.000000e+00	0.000000e+00	0.000000e+00
371	3.821145e+15	0.000000e+00	0.000000e+00	0.000000e+00
372	3.832599e+15	0.000000e+00	0.000000e+00	0.000000e+00
373	3.843973e+15	0.000000e+00	0.000000e+00	0.000000e+00
374	3.855256e+15	0.000000e+00	0.000000e+00	0.000000e+00
375	3.866444e+15	0.000000e+00	0.000000e+00	0.000000e+00
376	3.877553e+15	0.000000e+00	0.000000e+00	0.000000e+00
377	3.888561e+15	0.000000e+00	0.000000e+00	0.000000e+00
378	3.899450e+15	0.000000e+00	0.000000e+00	0.000000e+00
379	3.910240e+15	0.000000e+00	0.000000e+00	0.000000e+00
380	3.920924e+15	0.000000e+00	0.000000e+00	0.000000e+00
381	3.931564e+15	0.000000e+00	0.000000e+00	0.000000e+00
382	3.942200e+15	0.000000e+00	0.000000e+00	0.000000e+00
383	3.952883e+15	0.000000e+00	0.000000e+00	0.000000e+00
384	3.963667e+15	0.000000e+00	0.000000e+00	0.000000e+00
385	3.974455e+15	0.000000e+00	0.000000e+00	0.000000e+00
386	3.985277e+15	0.000000e+00	0.000000e+00	0.000000e+00
387	3.996233e+15	0.000000e+00	0.000000e+00	0.000000e+00
388	4.007431e+15	0.000000e+00	0.000000e+00	0.000000e+00
389	4.018663e+15	0.000000e+00	0.000000e+00	0.000000e+00
390	4.029916e+15	0.000000e+00	0.000000e+00	0.000000e+00
391	4.041339e+15	0.000000e+00	0.000000e+00	0.000000e+00
392	4.052750e+15	0.000000e+00	0.000000e+00	0.000000e+00
393	4.064257e+15	0.000000e+00	0.000000e+00	0.000000e+00
394	4.076090e+15	0.000000e+00	0.000000e+00	0.000000e+00
395	4.088180e+15	0.000000e+00	0.000000e+00	0.000000e+00
396	4.100621e+15	0.000000e+00	0.000000e+00	0.000000e+00
397	4.113674e+15	0.000000e+00	0.000000e+00	0.000000e+00
398	4.127199e+15	0.000000e+00	0.000000e+00	0.000000e+00
399	4.140584e+15	0.000000e+00	0.000000e+00	0.000000e+00
400	4.153422e+15	0.000000e+00	0.000000e+00	0.000000e+00
401	4.165915e+15	0.000000e+00	0.000000e+00	0.000000e+00
402	4.178186e+15	0.000000e+00	0.000000e+00	0.000000e+00
403	4.190271e+15	0.000000e+00	0.000000e+00	0.000000e+00
404	4.202067e+15	0.000000e+00	0.000000e+00	0.000000e+00
405	4.213719e+15	0.000000e+00	0.000000e+00	0.000000e+00
406	4.225326e+15	0.000000e+00	0.000000e+00	0.000000e+00
407	4.237001e+15	0.000000e+00	0.000000e+00	0.000000e+00
408	4.248636e+15	0.000000e+00	0.000000e+00	0.000000e+00
409	4.260365e+15	0.000000e+00	0.000000e+00	0.000000e+00
410	4.271931e+15	0.000000e+00	0.000000e+00	0.000000e+00
411	4.283341e+15	0.000000e+00	0.000000e+00	0.000000e+00
412	4.294793e+15	0.000000e+00	0.000000e+00	0.000000e+00
413	4.306398e+15	0.000000e+00	0.000000e+00	0.000000e+00
414	4.317971e+15	0.000000e+00	0.000000e+00	0.000000e+00
415	4.329692e+15	0.000000e+00	0.000000e+00	0.000000e+00
416	4.341585e+15	0.000000e+00	0.000000e+00	0.000000e+00
417	4.353768e+15	0.000000e+00	0.000000e+00	0.000000e+00
418	4.366011e+15	0.000000e+00	0.000000e+00	0.000000e+00
419	4.378344e+15	0.000000e+00	0.000000e+00	0.000000e+00
420	4.390949e+15	0.000000e+00	0.000000e+00	0.000000e+00
421	4.404040e+15	0.000000e+00	0.000000e+00	0.000000e+00
422	4.417460e+15	0.000000e+00	0.000000e+00	0.000000e+00
423	4.431056e+15	0.000000e+00	0.000000e+00	0.000000e+00
424	4.444695e+15	0.000000e+00	0.000000e+00	0.000000e+00
425	4.458279e+15	0.000000e+00	0.000000e+00	0.000000e+00
426	4.472008e+15	0.000000e+00	0.000000e+00	0.000000e+00
427	4.485879e+15	0.000000e+00	0.000000e+00	0.000000e+00
428	4.499932e+15	0.000000e+00	0.000000e+00	0.000000e+00
429	4.513279e+15	0.000000e+00	0.000000e+00	0.000000e+00
430	4.527405e+15	0.000000e+00	0.000000e+00	0.000000e+00
431	4.541523e+15	0.000000e+00	0.000000e+00	0.000000e+00
432	4.555713e+15	0.000000e+00	0.000000e+00	0.000000e+00
433	4.570010e+15	0.000000e+00	0.000000e+00	0.000000e+00
434	4.584454e+15	0.000000e+00	0.000000e+00	0.000000e+00
435	4.599324e+15	0.000000e+00	0.000000e+00	0.000000e+00
436	4.614439e+15	0.000000e+00	0.000000e+00	0.000000e+00
437	4.629644e+15	0.000000e+00	0.000000e+00	0.000000e+00
438	4.645110e+15	0.000000e+00	0.000000e+00	0.000000e+00
439	4.660384e+15	0.000000e+00	0.000000e+00	0.000000e+00
440	4.676076e+15	0.000000e+00	0.000000e+00	0.000000e+00
441	4.692782e+15	0.000000e+00	0.000000e+00	0.000000e+00
442	4.710012e+15	0.000000e+00	0.000000e+00	0.000000e+00
443	4.727849e+15	0.000000e+00	0.000000e+00	0.000000e+00
444	4.746341e+15	0.000000e+00	0.000000e+00	0.000000e+00
445	4.764638e+15	0.000000e+00	0.000000e+00	0.000000e+00
446	4.784276e+15	0.000000e+00	0.000000e+00	0.000000e+00
447	4.805448e+15	0.000000e+00	0.000000e+00	0.000000e+00
448	4.822774e+15	0.000000e+00	0.000000e+00	0.000000e+00
449	4.839734e+15	0.000000e+00	0.000000e+00	0.000000e+00
450	4.860087e+15	0.000000e+00	0.000000e+00	0.000000e+00
451	4.879693e+15	0.000000e+00	0.000000e+00	0.000000e+00
452	4.898767e+15	0.000000e+00	0.000000e+00	0.000000e+00
453	4.917161e+15	0.000000e+00	0.000000e+00	0.000000e+00
454	4.934977e+15	0.000000e+00	0.000000e+00	0.000000e+00
455	4.952145e+15	0.000000e+00	0.000000e+00	0.000000e+00
456	4.968481e+15	0.000000e+00	0.000000e+00	0.000000e+00
457	4.984063e+15	0.000000e+00	0.000000e+00	0.000000e+00
458	4.999073e+15	0.000000e+00	0.000000e+00	0.000000e+00
459	5.013601e+15	0.000000e+00	0.000000e+00	0.000000e+00
460	5.027608e+15	0.000000e+00	0.000000e+00	0.000000e+00
461	5.041227e+15	0.000000e+00	0.000000e+00	0.000000e+00
462	5.054446e+15	0.000000e+00	0.000000e+00	0.000000e+00
463	5.067285e+15	0.000000e+00	0.000000e+00	0.000000e+00
464	5.079897e+15	0.000000e+00	0.000000e+00	0.000000e+00
465	5.092391e+15	0.000000e+00	0.000000e+00	0.000000e+00
466	5.104521e+15	0.000000e+00	0.000000e+00	0.000000e+00
467	5.116388e+15	0.000000e+00	0.000000e+00	0.000000e+00
468	5.128020e+15	0.000000e+00	0.000000e+00	0.000000e+00
469	5.139600e+15	0.000000e+00	0.000000e+00	0.000000e+00
470	5.150960e+15	0.000000e+00	0.000000e+00	0.000000e+00
471	5.162247e+15	0.000000e+00	0.000000e+00	0.000000e+00
472	5.173742e+15	0.000000e+00	0.000000e+00	0.000000e+00
473	5.185155e+15	0.000000e+00	0.000000e+00	0.000000e+00
474	5.196647e+15	0.000000e+00	0.000000e+00	0.000000e+00
475	5.208313e+15	0.000000e+00	0.000000e+00	0.000000e+00
476	5.220072e+15	0.000000e+00	0.000000e+00	0.000000e+00
477	5.231351e+15	0.000000e+00	0.000000e+00	0.000000e+00
478	5.242343e+15	0.000000e+00	0.000000e+00	0.000000e+00
479	5.253281e+15	0.000000e+00	0.000000e+00	0.000000e+00
480	5.264212e+15	0.000000e+00	0.000000e+00	0.000000e+00
481	5.274945e+15	0.000000e+00	0.000000e+00	0.000000e+00
482	5.285566e+15	0.000000e+00	0.000000e+00	0.000000e+00
483	5.296254e+15	0.000000e+00	0.000000e+00	0.000000e+00
484	5.307070e+15	0.000000e+00	0.000000e+00	0.000000e+00
485	5.317815e+15	0.000000e+00	0.000000e+00	0.000000e+00
486	5.328609e+15	0.000000e+00	0.000000e+00	0.000000e+00
487	5.339578e+15	0.000000e+00	0.000000e+00	0.000000e+00
488	5.350765e+15	0.000000e+00	0.000000e+00	0.000000e+00
489	5.362160e+15	0.000000e+00	0.000000e+00	0.000000e+00
490	5.373867e+15	0.000000e+00	0.000000e+00	0.000000e+00
491	5.384787e+15	0.000000e+00	0.000000e+00	0.000000e+00
492	5.395099e+15	0.000000e+00	0.000000e+00	0.000000e+00
493	5.404974e+15	0.000000e+00	0.000000e+00	0.000000e+00
494	5.414547e+15	0.000000e+00	0.000000e+00	0.000000e+00
495	5.423941e+15	0.000000e+00	0.000000e+00	0.000000e+00
496	5.433259e+15	0.000000e+00	0.000000e+00	0.000000e+00
497	5.442535e+15	0.000000e+00	0.000000e+00	0.000000e+00
498	5.451650e+15	0.000000e+00	0.000000e+00	0.000000e+00
499	5.460692e+15	0.000000e+00	0.000000e+00	0.000000e+00
500	5.469687e+15	0.000000e+00	0.000000e+00	0.000000e+00
501	5.478453e+15	0.000000e+00	0.000000e+00	0.000000e+00
502	5.487151e+15	0.000000e+00	0.000000e+00	0.000000e+00
503	5.495513e+15	0.000000e+00	0.000000e+00	0.000000e+00
504	5.503669e+15	0.000000e+00	0.000000e+00	0.000000e+00
505	5.511772e+15	0.000000e+00	0.000000e+00	0.000000e+00
506	5.519800e+15	0.000000e+00	0.000000e+00	0.000000e+00
507	5.527741e+15	0.000000e+00	0.000000e+00	0.000000e+00
508	5.535520e+15	0.000000e+00	0.000000e+00	0.000000e+00
509	5.543226e+15	0.000000e+00	0.000000e+00	0.000000e+00
510	5.550889e+15	0.000000e+00	0.000000e+00	0.000000e+00
511	5.558516e+15	0.000000e+00	0.000000e+00	0.000000e+00
512	5.566168e+15	0.000000e+00	0.000000e+00	0.000000e+00
513	5.573843e+15	0.000000e+00	0.000000e+00	0.000000e+00
514	5.581493e+15	0.000000e+00	0.000000e+00	0.000000e+00
515	5.589065e+15	0.000000e+00	0.000000e+00	0.000000e+00
516	5.596627e+15	0.000000e+00	0.000000e+00	0.000000e+00
517	5.604210e+15	0.000000e+00	0.000000e+00	0.000000e+00
518	5.611782e+15	0.000000e+00	0.000000e+00	0.000000e+00
519	5.619372e+15	0.000000e+00	0.000000e+00	0.000000e+00
520	5.626976e+15	0.000000e+00	0.000000e+00	0.000000e+00
521	5.634602e+15	0.000000e+00	0.000000e+00	0.000000e+00
522	5.642267e+15	0.000000e+00	0.000000e+00	0.000000e+00
523	5.650015e+15	0.000000e+00	0.000000e+00	0.000000e+00
524	5.657834e+15	0.000000e+00	0.000000e+00	0.000000e+00
525	5.665731e+15	0.000000e+00	0.000000e+00	0.000000e+00
526	5.673750e+15	0.000000e+00	0.000000e+00	0.000000e+00
527	5.681859e+15	0.000000e+00	0.000000e+00	0.000000e+00
528	5.689961e+15	0.000000e+00	0.000000e+00	0.000000e+00
529	5.698147e+15	0.000000e+00	0.000000e+00	0.000000e+00
530	5.706387e+15	0.000000e+00	0.000000e+00	0.000000e+00
531	5.714737e+15	0.000000e+00	0.000000e+00	0.000000e+00
532	5.723178e+15	0.000000e+00	0.000000e+00	0.000000e+00
533	5.731733e+15	0.000000e+00	0.000000e+00	0.000000e+00
534	5.740385e+15	0.000000e+00	0.000000e+00	0.000000e+00
535	5.749116e+15	0.000000e+00	0.000000e+00	0.000000e+00
536	5.757939e+15	0.000000e+00	0.000000e+00	0.000000e+00
537	5.766808e+15	0.000000e+00	0.000000e+00	0.000000e+00
538	5.775731e+15	0.000000e+00	0.000000e+00	0.000000e+00
539	5.784791e+15	0.000000e+00	0.000000e+00	0.000000e+00
540	5.794080e+15	0.000000e+00	0.000000e+00	0.000000e+00
541	5.803552e+15	0.000000e+00	0.000000e+00	0.000000e+00
542	5.813114e+15	0.000000e+00	0.000000e+00	0.000000e+00
543	5.822681e+15	0.000000e+00	0.000000e+00	0.000000e+00
544	5.832268e+15	0.000000e+00	0.000000e+00	0.000000e+00
545	5.841975e+15	0.000000e+00	0.000000e+00	0.000000e+00
546	5.851754e+15	0.000000e+00	0.000000e+00	0.000000e+00
547	5.861693e+15	0.000000e+00	0.000000e+00	0.000000e+00
548	5.871659e+15	0.000000e+00	0.000000e+00	0.000000e+00
549	5.881771e+15	0.000000e+00	0.000000e+00	0.000000e+00
550	5.892017e+15	0.000000e+00	0.000000e+00	0.000000e+00
551	5.902451e+15	0.000000e+00	0.000000e+00	0.000000e+00
552	5.912878e+15	0.000000e+00	0.000000e+00	0.000000e+00
553	5.923221e+15	0.000000e+00	0.000000e+00	0.000000e+00
554	5.933458e+15	0.000000e+00	0.000000e+00	0.000000e+00
555	5.943640e+15	0.000000e+00	0.000000e+00	0.000000e+00
556	5.953894e+15	0.000000e+00	0.000000e+00	0.000000e+00
557	5.964272e+15	0.000000e+00	0.000000e+00	0.000000e+00
558	5.974705e+15	0.000000e+00	0.000000e+00	0.000000e+00
559	5.985128e+15	0.000000e+00	0.000000e+00	0.000000e+00
560	5.995559e+15	0.000000e+00	0.000000e+00	0.000000e+00
561	6.005990e+15	0.000000e+00	0.000000e+00	0.000000e+00
562	6.016372e+15	0.000000e+00	0.000000e+00	0.000000e+00
563	6.026768e+15	0.000000e+00	0.000000e+00	0.000000e+00
564	6.037167e+15	0.000000e+00	0.000000e+00	0.000000e+00
565	6.047654e+15	0.000000e+00	0.000000e+00	0.000000e+00
566	6.058179e+15	0.000000e+00	0.000000e+00	0.000000e+00
567	6.068743e+15	0.000000e+00	0.000000e+00	0.000000e+00
568	6.079422e+15	0.000000e+00	0.000000e+00	0.000000e+00
569	6.090180e+15	0.000000e+00	0.000000e+00	0.000000e+00
570	6.101034e+15	0.000000e+00	0.000000e+00	0.000000e+00
571	6.112011e+15	0.000000e+00	0.000000e+00	0.000000e+00
572	6.123096e+15	0.000000e+00	0.000000e+00	0.000000e+00
573	6.134122e+15	0.000000e+00	0.000000e+00	0.000000e+00
574	6.145184e+15	0.000000e+00	0.000000e+00	0.000000e+00
575	6.156329e+15	0.000000e+00	0.000000e+00	0.000000e+00
576	6.167524e+15	0.000000e+00	0.000000e+00	0.000000e+00
577	6.178781e+15	0.000000e+00	0.000000e+00	0.000000e+00
578	6.190142e+15	0.000000e+00	0.000000e+00	0.000000e+00
579	6.201541e+15	0.000000e+00	0.000000e+00	0.000000e+00
580	6.212854e+15	0.000000e+00	0.000000e+00	0.000000e+00
581	6.224051e+15	0.000000e+00	0.000000e+00	0.000000e+00
582	6.235122e+15	0.000000e+00	0.000000e+00	0.000000e+00
583	6.246049e+15	0.000000e+00	0.000000e+00	0.000000e+00
584	6.256807e+15	0.000000e+00	0.000000e+00	0.000000e+00
585	6.267422e+15	0.000000e+00	0.000000e+00	0.000000e+00
586	6.277857e+15	0.000000e+00	0.000000e+00	0.000000e+00
587	6.288196e+15	0.000000e+00	0.000000e+00	0.000000e+00
588	6.298478e+15	0.000000e+00	0.000000e+00	0.000000e+00
589	6.308614e+15	0.000000e+00	0.000000e+00	0.000000e+00
590	6.318638e+15	0.000000e+00	0.000000e+00	0.000000e+00
591	6.328658e+15	0.000000e+00	0.000000e+00	0.000000e+00
592	6.338568e+15	0.000000e+00	0.000000e+00	0.000000e+00
593	6.348338e+15	0.000000e+00	0.000000e+00	0.000000e+00
594	6.358073e+15	0.000000e+00	0.000000e+00	0.000000e+00
595	6.367873e+15	0.000000e+00	0.000000e+00	0.000000e+00
596	6.377673e+15	0.000000e+00	0.000000e+00	0.000000e+00
597	6.387499e+15	0.000000e+00	0.000000e+00	0.000000e+00
598	6.397400e+15	0.000000e+00	0.000000e+00	0.000000e+00
599	6.407456e+15	0.000000e+00	0.000000e+00	0.000000e+00
600	6.417770e+15	0.000000e+00	0.000000e+00	0.000000e+00
601	6.428227e+15	0.000000e+00	0.000000e+00	0.000000e+00
602	6.438854e+15	0.000000e+00	0.000000e+00	0.000000e+00
603	6.449666e+15	0.000000e+00	0.000000e+00	0.000000e+00
604	6.460625e+15	0.000000e+00	0.000000e+00	0.000000e+00
605	6.471575e+15	0.000000e+00	0.000000e+00	0.000000e+00
606	6.482607e+15	0.000000e+00	0.000000e+00	0.000000e+00
607	6.493844e+15	0.000000e+00	0.000000e+00	0.000000e+00
608	6.505170e+15	0.000000e+00	0.000000e+00	0.000000e+00
609	6.516688e+15	0.000000e+00	0.000000e+00	0.000000e+00
610	6.528302e+15	0.000000e+00	0.000000e+00	0.000000e+00
611	6.539982e+15	0.000000e+00	0.000000e+00	0.000000e+00
612	6.551626e+15	0.000000e+00	0.000000e+00	0.000000e+00
613	6.563217e+15	0.000000e+00	0.000000e+00	0.000000e+00
614	6.574978e+15	0.000000e+00	0.000000e+00	0.000000e+00
615	6.586674e+15	0.000000e+00	0.000000e+00	0.000000e+00
616	6.598484e+15	0.000000e+00	0.000000e+00	0.000000e+00
617	6.610495e+15	0.000000e+00	0.000000e+00	0.000000e+00
618	6.622604e+15	0.000000e+00	0.000000e+00	0.000000e+00
619	6.634788e+15	0.000000e+00	0.000000e+00	0.000000e+00
620	6.647089e+15	0.000000e+00	0.000000e+00	0.000000e+00
621	6.659585e+15	0.000000e+00	0.000000e+00	0.000000e+00
622	6.672075e+15	0.000000e+00	0.000000e+00	0.000000e+00
623	6.684642e+15	0.000000e+00	0.000000e+00	0.000000e+00
624	6.697273e+15	0.000000e+00	0.000000e+00	0.000000e+00
625	6.709764e+15	0.000000e+00	0.000000e+00	0.000000e+00
626	6.722195e+15	0.000000e+00	0.000000e+00	0.000000e+00
627	6.734637e+15	0.000000e+00	0.000000e+00	0.000000e+00
628	6.747349e+15	0.000000e+00	0.000000e+00	0.000000e+00
629	6.759969e+15	0.000000e+00	0.000000e+00	0.000000e+00
630	6.772615e+15	0.000000e+00	0.000000e+00	0.000000e+00
631	6.785404e+15	0.000000e+00	0.000000e+00	0.000000e+00
632	6.798207e+15	0.000000e+00	0.000000e+00	0.000000e+00
633	6.811088e+15	0.000000e+00	0.000000e+00	0.000000e+00
634	6.824086e+15	0.000000e+00	0.000000e+00	0.000000e+00
635	6.836140e+15	0.000000e+00	0.000000e+00	0.000000e+00
636	6.847311e+15	0.000000e+00	0.000000e+00	0.000000e+00
637	6.859624e+15	0.000000e+00	0.000000e+00	0.000000e+00
638	6.872842e+15	0.000000e+00	0.000000e+00	0.000000e+00
639	6.886064e+15	0.000000e+00	0.000000e+00	0.000000e+00
640	6.899255e+15	0.000000e+00	0.000000e+00	0.000000e+00
641	6.912646e+15	0.000000e+00	0.000000e+00	0.000000e+00
642	6.926054e+15	0.000000e+00	0.000000e+00	0.000000e+00
643	6.939472e+15	0.000000e+00	0.000000e+00	0.000000e+00
644	6.952997e+15	0.000000e+00	0.000000e+00	0.000000e+00
645	6.966584e+15	0.000000e+00	0.000000e+00	0.000000e+00
646	6.980237e+15	0.000000e+00	0.000000e+00	0.000000e+00
647	6.994001e+15	0.000000e+00	0.000000e+00	0.000000e+00
648	7.007816e+15	0.000000e+00	0.000000e+00	0.000000e+00
649	7.021302e+15	0.000000e+00	0.000000e+00	0.000000e+00
650	7.034370e+15	0.000000e+00	0.000000e+00	0.000000e+00
651	7.047118e+15	0.000000e+00	0.000000e+00	0.000000e+00
652	7.059591e+15	0.000000e+00	0.000000e+00	0.000000e+00
653	7.071841e+15	0.000000e+00	0.000000e+00	0.000000e+00
654	7.083782e+15	0.000000e+00	0.000000e+00	0.000000e+00
655	7.095399e+15	0.000000e+00	0.000000e+00	0.000000e+00
656	7.106747e+15	0.000000e+00	0.000000e+00	0.000000e+00
657	7.117924e+15	0.000000e+00	0.000000e+00	0.000000e+00
658	7.128717e+15	0.000000e+00	0.000000e+00	0.000000e+00
659	7.139200e+15	0.000000e+00	0.000000e+00	0.000000e+00
660	7.149390e+15	0.000000e+00	0.000000e+00	0.000000e+00
661	7.159283e+15	0.000000e+00	0.000000e+00	0.000000e+00
662	7.168936e+15	0.000000e+00	0.000000e+00	0.000000e+00
663	7.178353e+15	0.000000e+00	0.000000e+00	0.000000e+00
664	7.187451e+15	0.000000e+00	0.000000e+00	0.000000e+00
665	7.196204e+15	0.000000e+00	0.000000e+00	0.000000e+00
666	7.204648e+15	0.000000e+00	0.000000e+00	0.000000e+00
667	7.212851e+15	0.000000e+00	0.000000e+00	0.000000e+00
668	7.220863e+15	0.000000e+00	0.000000e+00	0.000000e+00
669	7.228678e+15	0.000000e+00	0.000000e+00	0.000000e+00
670	7.236370e+15	0.000000e+00	0.000000e+00	0.000000e+00
671	7.243983e+15	0.000000e+00	0.000000e+00	0.000000e+00
672	7.251423e+15	0.000000e+00	0.000000e+00	0.000000e+00
673	7.258646e+15	0.000000e+00	0.000000e+00	0.000000e+00
674	7.265709e+15	0.000000e+00	0.000000e+00	0.000000e+00
675	7.272646e+15	0.000000e+00	0.000000e+00	0.000000e+00
676	7.279427e+15	0.000000e+00	0.000000e+00	0.000000e+00
677	7.286069e+15	0.000000e+00	0.000000e+00	0.000000e+00
678	7.292650e+15	0.000000e+00	0.000000e+00	0.000000e+00
679	7.299130e+15	0.000000e+00	0.000000e+00	0.000000e+00
680	7.305505e+15	0.000000e+00	0.000000e+00	0.000000e+00
681	7.311832e+15	0.000000e+00	0.000000e+00	0.000000e+00
682	7.318140e+15	0.000000e+00	0.000000e+00	0.000000e+00
683	7.324400e+15	0.000000e+00	0.000000e+00	0.000000e+00
684	7.330625e+15	0.000000e+00	0.000000e+00	0.000000e+00
685	7.336845e+15	0.000000e+00	0.000000e+00	0.000000e+00
686	7.343075e+15	0.000000e+00	0.000000e+00	0.000000e+00
687	7.349314e+15	0.000000e+00	0.000000e+00	0.000000e+00
688	7.355539e+15	0.000000e+00	0.000000e+00	0.000000e+00
689	7.361774e+15	0.000000e+00	0.000000e+00	0.000000e+00
690	7.368022e+15	0.000000e+00	0.000000e+00	0.000000e+00
691	7.374303e+15	0.000000e+00	0.000000e+00	0.000000e+00
692	7.380617e+15	0.000000e+00	0.000000e+00	0.000000e+00
693	7.386934e+15	0.000000e+00	0.000000e+00	0.000000e+00
694	7.393262e+15	0.000000e+00	0.000000e+00	0.000000e+00
695	7.399598e+15	0.000000e+00	0.000000e+00	0.000000e+00
696	7.405928e+15	0.000000e+00	0.000000e+00	0.000000e+00
697	7.412277e+15	0.000000e+00	0.000000e+00	0.000000e+00
698	7.418636e+15	0.000000e+00	0.000000e+00	0.000000e+00
699	7.425010e+15	0.000000e+00	0.000000e+00	0.000000e+00
700	7.431403e+15	0.000000e+00	0.000000e+00	0.000000e+00
701	7.437830e+15	0.000000e+00	0.000000e+00	0.000000e+00
702	7.444304e+15	0.000000e+00	0.000000e+00	0.000000e+00
703	7.450825e+15	0.000000e+00	0.000000e+00	0.000000e+00
704	7.457384e+15	0.000000e+00	0.000000e+00	0.000000e+00
705	7.463960e+15	0.000000e+00	0.000000e+00	0.000000e+00
706	7.470536e+15	0.000000e+00	0.000000e+00	0.000000e+00
707	7.477118e+15	0.000000e+00	0.000000e+00	0.000000e+00
708	7.483668e+15	0.000000e+00	0.000000e+00	0.000000e+00
709	7.490197e+15	0.000000e+00	0.000000e+00	0.000000e+00
710	7.496738e+15	0.000000e+00	0.000000e+00	0.000000e+00
711	7.503308e+15	0.000000e+00	0.000000e+00	0.000000e+00
712	7.509913e+15	0.000000e+00	0.000000e+00	0.000000e+00
713	7.516525e+15	0.000000e+00	0.000000e+00	0.000000e+00
714	7.523162e+15	0.000000e+00	0.000000e+00	0.000000e+00
715	7.529811e+15	0.000000e+00	0.000000e+00	0.000000e+00
716	7.536455e+15	0.000000e+00	0.000000e+00	0.000000e+00
717	7.543121e+15	0.000000e+00	0.000000e+00	0.000000e+00
718	7.549779e+15	0.000000e+00	0.000000e+00	0.000000e+00
719	7.556438e+15	0.000000e+00	0.000000e+00	0.000000e+00
720	7.563089e+15	0.000000e+00	0.000000e+00	0.000000e+00
721	7.569750e+15	0.000000e+00	0.000000e+00	0.000000e+00
722	7.576432e+15	0.000000e+00	0.000000e+00	0.000000e+00
723	7.583155e+15	0.000000e+00	0.000000e+00	0.000000e+00
724	7.589900e+15	0.000000e+00	0.000000e+00	0.000000e+00
725	7.596672e+15	0.000000e+00	0.000000e+00	0.000000e+00
726	7.603459e+15	0.000000e+00	0.000000e+00	0.000000e+00
727	7.610269e+15	0.000000e+00	0.000000e+00	0.000000e+00
728	7.617113e+15	0.000000e+00	0.000000e+00	0.000000e+00
729	7.624003e+15	0.000000e+00	0.000000e+00	0.000000e+00
730	7.630906e+15	0.000000e+00	0.000000e+00	0.000000e+00
731	7.637850e+15	0.000000e+00	0.000000e+00	0.000000e+00
732	7.644784e+15	0.000000e+00	0.000000e+00	0.000000e+00
733	7.651771e+15	0.000000e+00	0.000000e+00	0.000000e+00
734	7.658753e+15	0.000000e+00	0.000000e+00	0.000000e+00
735	7.665724e+15	0.000000e+00	0.000000e+00	0.000000e+00
736	7.672696e+15	0.000000e+00	0.000000e+00	0.000000e+00
737	7.679674e+15	0.000000e+00	0.000000e+00	0.000000e+00
738	7.686666e+15	0.000000e+00	0.000000e+00	0.000000e+00
739	7.693647e+15	0.000000e+00	0.000000e+00	0.000000e+00
740	7.700618e+15	0.000000e+00	0.000000e+00	0.000000e+00
741	7.707594e+15	0.000000e+00	0.000000e+00	0.000000e+00
742	7.714571e+15	0.000000e+00	0.000000e+00	0.000000e+00
743	7.721548e+15	0.000000e+00	0.000000e+00	0.000000e+00
744	7.728564e+15	0.000000e+00	0.000000e+00	0.000000e+00
745	7.735607e+15	0.000000e+00	0.000000e+00	0.000000e+00
746	7.742649e+15	0.000000e+00	0.000000e+00	0.000000e+00
747	7.749698e+15	0.000000e+00	0.000000e+00	0.000000e+00
748	7.756748e+15	0.000000e+00	0.000000e+00	0.000000e+00
749	7.763828e+15	0.000000e+00	0.000000e+00	0.000000e+00
750	7.770881e+15	0.000000e+00	0.000000e+00	0.000000e+00
751	7.777930e+15	0.000000e+00	0.000000e+00	0.000000e+00
752	7.784978e+15	0.000000e+00	0.000000e+00	0.000000e+00
753	7.792018e+15	0.000000e+00	0.000000e+00	0.000000e+00
754	7.799085e+15	0.000000e+00	0.000000e+00	0.000000e+00
755	7.806165e+15	0.000000e+00	0.000000e+00	0.000000e+00
756	7.813269e+15	0.000000e+00	0.000000e+00	0.000000e+00
757	7.820399e+15	0.000000e+00	0.000000e+00	0.000000e+00
758	7.827573e+15	0.000000e+00	0.000000e+00	0.000000e+00
759	7.834784e+15	0.000000e+00	0.000000e+00	0.000000e+00
760	7.842063e+15	0.000000e+00	0.000000e+00	0.000000e+00
761	7.849376e+15	0.000000e+00	0.000000e+00	0.000000e+00
762	7.856693e+15	0.000000e+00	0.000000e+00	0.000000e+00
763	7.864003e+15	0.000000e+00	0.000000e+00	0.000000e+00
764	7.871322e+15	0.000000e+00	0.000000e+00	0.000000e+00
765	7.878640e+15	0.000000e+00	0.000000e+00	0.000000e+00
766	7.885924e+15	0.000000e+00	0.000000e+00	0.000000e+00
767	7.893191e+15	0.000000e+00	0.000000e+00	0.000000e+00
768	7.900431e+15	0.000000e+00	0.000000e+00	0.000000e+00
769	7.907653e+15	0.000000e+00	0.000000e+00	0.000000e+00
770	7.914895e+15	0.000000e+00	0.000000e+00	0.000000e+00
771	7.922144e+15	0.000000e+00	0.000000e+00	0.000000e+00
772	7.929421e+15	0.000000e+00	0.000000e+00	0.000000e+00
773	7.936759e+15	0.000000e+00	0.000000e+00	0.000000e+00
774	7.944015e+15	0.000000e+00	0.000000e+00	0.000000e+00
775	7.951217e+15	0.000000e+00	0.000000e+00	0.000000e+00
776	7.958459e+15	0.000000e+00	0.000000e+00	0.000000e+00
777	7.965665e+15	0.000000e+00	0.000000e+00	0.000000e+00
778	7.972896e+15	0.000000e+00	0.000000e+00	0.000000e+00
779	7.980199e+15	0.000000e+00	0.000000e+00	0.000000e+00
780	7.987520e+15	0.000000e+00	0.000000e+00	0.000000e+00
781	7.994737e+15	0.000000e+00	0.000000e+00	0.000000e+00
782	8.001967e+15	0.000000e+00	0.000000e+00	0.000000e+00
783	8.009192e+15	0.000000e+00	0.000000e+00	0.000000e+00
784	8.016427e+15	0.000000e+00	0.000000e+00	0.000000e+00
785	8.023650e+15	0.000000e+00	0.000000e+00	0.000000e+00
786	8.030896e+15	0.000000e+00	0.000000e+00	0.000000e+00
787	8.038095e+15	0.000000e+00	0.000000e+00	0.000000e+00
788	8.045294e+15	0.000000e+00	0.000000e+00	0.000000e+00
789	8.052514e+15	0.000000e+00	0.000000e+00	0.000000e+00
790	8.059773e+15	0.000000e+00	0.000000e+00	0.000000e+00
791	8.067011e+15	0.000000e+00	0.000000e+00	0.000000e+00
792	8.074179e+15	0.000000e+00	0.000000e+00	0.000000e+00
793	8.081364e+15	0.000000e+00	0.000000e+00	0.000000e+00
794	8.088510e+15	0.000000e+00	0.000000e+00	0.000000e+00
795	8.095639e+15	0.000000e+00	0.000000e+00	0.000000e+00
796	8.102714e+15	0.000000e+00	0.000000e+00	0.000000e+00
797	8.109752e+15	0.000000e+00	0.000000e+00	0.000000e+00
798	8.116784e+15	0.000000e+00	0.000000e+00	0.000000e+00
799	8.123857e+15	0.000000e+00	0.000000e+00	0.000000e+00
800	8.130951e+15	0.000000e+00	0.000000e+00	0.000000e+00
801	8.138019e+15	0.000000e+00	0.000000e+00	0.000000e+00
802	8.145147e+15	0.000000e+00	0.000000e+00	0.000000e+00
803	8.152283e+15	0.000000e+00	0.000000e+00	0.000000e+00
804	8.159458e+15	0.000000e+00	0.000000e+00	0.000000e+00
805	8.166580e+15	0.000000e+00	0.000000e+00	0.000000e+00
806	8.173693e+15	0.000000e+00	0.000000e+00	0.000000e+00
807	8.180741e+15	0.000000e+00	0.000000e+00	0.000000e+00
808	8.187739e+15	0.000000e+00	0.000000e+00	0.000000e+00
809	8.194701e+15	0.000000e+00	0.000000e+00	0.000000e+00
810	8.201647e+15	0.000000e+00	0.000000e+00	0.000000e+00
811	8.208619e+15	0.000000e+00	0.000000e+00	0.000000e+00
812	8.215513e+15	0.000000e+00	0.000000e+00	0.000000e+00
813	8.222311e+15	0.000000e+00	0.000000e+00	0.000000e+00
814	8.229053e+15	0.000000e+00	0.000000e+00	0.000000e+00
815	8.235722e+15	0.000000e+00	0.000000e+00	0.000000e+00
816	8.242369e+15	0.000000e+00	0.000000e+00	0.000000e+00
817	8.249014e+15	0.000000e+00	0.000000e+00	0.000000e+00
818	8.255691e+15	0.000000e+00	0.000000e+00	0.000000e+00
819	8.262309e+15	0.000000e+00	0.000000e+00	0.000000e+00
820	8.268899e+15	0.000000e+00	0.000000e+00	0.000000e+00
821	8.275437e+15	0.000000e+00	0.000000e+00	0.000000e+00
822	8.281962e+15	0.000000e+00	0.000000e+00	0.000000e+00
823	8.288510e+15	0.000000e+00	0.000000e+00	0.000000e+00
824	8.295045e+15	0.000000e+00	0.000000e+00	0.000000e+00
825	8.301560e+15	0.000000e+00	0.000000e+00	0.000000e+00
826	8.308066e+15	0.000000e+00	0.000000e+00	0.000000e+00
827	8.314518e+15	0.000000e+00	0.000000e+00	0.000000e+00
828	8.320955e+15	0.000000e+00	0.000000e+00	0.000000e+00
829	8.327369e+15	0.000000e+00	0.000000e+00	0.000000e+00
830	8.333748e+15	0.000000e+00	0.000000e+00	0.000000e+00
831	8.340129e+15	0.000000e+00	0.000000e+00	0.000000e+00
832	8.346487e+15	0.000000e+00	0.000000e+00	0.000000e+00
833	8.352844e+15	0.000000e+00	0.000000e+00	0.000000e+00
834	8.359166e+15	0.000000e+00	0.000000e+00	0.000000e+00
835	8.365361e+15	0.000000e+00	0.000000e+00	0.000000e+00
836	8.371558e+15	0.000000e+00	0.000000e+00	0.000000e+00
837	8.377782e+15	0.000000e+00	0.000000e+00	0.000000e+00
838	8.384020e+15	0.000000e+00	0.000000e+00	0.000000e+00
839	8.390271e+15	0.000000e+00	0.000000e+00	0.000000e+00
840	8.396545e+15	0.000000e+00	0.000000e+00	0.000000e+00
841	8.402798e+15	0.000000e+00	0.000000e+00	0.000000e+00
842	8.409088e+15	0.000000e+00	0.000000e+00	0.000000e+00
843	8.415376e+15	0.000000e+00	0.000000e+00	0.000000e+00
844	8.421660e+15	0.000000e+00	0.000000e+00	0.000000e+00
845	8.427902e+15	0.000000e+00	0.000000e+00	0.000000e+00
846	8.434171e+15	0.000000e+00	0.000000e+00	0.000000e+00
847	8.440372e+15	0.000000e+00	0.000000e+00	0.000000e+00
848	8.446582e+15	0.000000e+00	0.000000e+00	0.000000e+00
849	8.452833e+15	0.000000e+00	0.000000e+00	0.000000e+00
850	8.459103e+15	0.000000e+00	0.000000e+00	0.000000e+00
851	8.465405e+15	0.000000e+00	0.000000e+00	0.000000e+00
852	8.471732e+15	0.000000e+00	0.000000e+00	0.000000e+00
853	8.478065e+15	0.000000e+00	0.000000e+00	0.000000e+00
854	8.484447e+15	0.000000e+00	0.000000e+00	0.000000e+00
855	8.490794e+15	0.000000e+00	0.000000e+00	0.000000e+00
856	8.497135e+15	0.000000e+00	0.000000e+00	0.000000e+00
857	8.503444e+15	0.000000e+00	0.000000e+00	0.000000e+00
858	8.509755e+15	0.000000e+00	0.000000e+00	0.000000e+00
859	8.516060e+15	0.000000e+00	0.000000e+00	0.000000e+00
860	8.522383e+15	0.000000e+00	0.000000e+00	0.000000e+00
861	8.528763e+15	0.000000e+00	0.000000e+00	0.000000e+00
862	8.535168e+15	0.000000e+00	0.000000e+00	0.000000e+00
863	8.541577e+15	0.000000e+00	0.000000e+00	0.000000e+00
864	8.548031e+15	0.000000e+00	0.000000e+00	0.000000e+00
865	8.554529e+15	0.000000e+00	0.000000e+00	0.000000e+00
866	8.561009e+15	0.000000e+00	0.000000e+00	0.000000e+00
867	8.567440e+15	0.000000e+00	0.000000e+00	0.000000e+00
868	8.573857e+15	0.000000e+00	0.000000e+00	0.000000e+00
869	8.580237e+15	0.000000e+00	0.000000e+00	0.000000e+00
870	8.586623e+15	0.000000e+00	0.000000e+00	0.000000e+00
871	8.593005e+15	0.000000e+00	0.000000e+00	0.000000e+00
872	8.599397e+15	0.000000e+00	0.000000e+00	0.000000e+00
873	8.605800e+15	0.000000e+00	0.000000e+00	0.000000e+00
874	8.612207e+15	0.000000e+00	0.000000e+00	0.000000e+00
875	8.615786e+15	0.000000e+00	0.000000e+00	0.000000e+00
876	8.620081e+15	0.000000e+00	0.000000e+00	0.000000e+00
877	8.625235e+15	0.000000e+00	0.000000e+00	0.000000e+00
878	8.631419e+15	0.000000e+00	0.000000e+00	0.000000e+00
879	8.637490e+15	0.000000e+00	0.000000e+00	0.000000e+00
880	8.642742e+15	0.000000e+00	0.000000e+00	0.000000e+00
881	8.649044e+15	0.000000e+00	0.000000e+00	0.000000e+00
882	8.655284e+15	0.000000e+00	0.000000e+00	0.000000e+00
883	8.661428e+15	0.000000e+00	0.000000e+00	0.000000e+00
884	8.667716e+15	0.000000e+00	0.000000e+00	0.000000e+00
885	8.673575e+15	0.000000e+00	0.000000e+00	0.000000e+00
886	8.679870e+15	0.000000e+00	0.000000e+00	0.000000e+00
887	8.686147e+15	0.000000e+00	0.000000e+00	0.000000e+00
888	8.692422e+15	0.000000e+00	0.000000e+00	0.000000e+00
889	8.694474e+15	0.000000e+00	0.000000e+00	0.000000e+00
890	8.696867e+15	0.000000e+00	0.000000e+00	0.000000e+00
891	8.699739e+15	0.000000e+00	0.000000e+00	0.000000e+00
892	8.703185e+15	0.000000e+00	0.000000e+00	0.000000e+00
893	8.707320e+15	0.000000e+00	0.000000e+00	0.000000e+00
894	8.710793e+15	0.000000e+00	0.000000e+00	0.000000e+00
895	8.714962e+15	0.000000e+00	0.000000e+00	0.000000e+00
896	8.719059e+15	0.000000e+00	0.000000e+00	0.000000e+00
897	8.723977e+15	0.000000e+00	0.000000e+00	0.000000e+00
898	8.727451e+15	0.000000e+00	0.000000e+00	0.000000e+00
899	8.731620e+15	0.000000e+00	0.000000e+00	0.000000e+00
900	8.736623e+15	0.000000e+00	0.000000e+00	0.000000e+00
901	8.741237e+15	0.000000e+00	0.000000e+00	0.000000e+00
902	8.746645e+15	0.000000e+00	0.000000e+00	0.000000e+00
903	8.749998e+15	0.000000e+00	0.000000e+00	0.000000e+00
904	8.753543e+15	0.000000e+00	0.000000e+00	0.000000e+00
905	8.755069e+15	0.000000e+00	0.000000e+00	0.000000e+00
906	8.756900e+15	0.000000e+00	0.000000e+00	0.000000e+00
907	8.759050e+15	0.000000e+00	0.000000e+00	0.000000e+00
908	8.761490e+15	0.000000e+00	0.000000e+00	0.000000e+00
909	8.764419e+15	0.000000e+00	0.000000e+00	0.000000e+00
910	8.766454e+15	0.000000e+00	0.000000e+00	0.000000e+00
911	8.768896e+15	0.000000e+00	0.000000e+00	0.000000e+00
912	8.770612e+15	0.000000e+00	0.000000e+00	0.000000e+00
913	8.772671e+15	0.000000e+00	0.000000e+00	0.000000e+00
914	8.775142e+15	0.000000e+00	0.000000e+00	0.000000e+00
915	8.777748e+15	0.000000e+00	0.000000e+00	0.000000e+00
916	8.780875e+15	0.000000e+00	0.000000e+00	0.000000e+00
917	8.784627e+15	0.000000e+00	0.000000e+00	0.000000e+00
918	8.788975e+15	0.000000e+00	0.000000e+00	0.000000e+00
919	8.790998e+15	0.000000e+00	0.000000e+00	0.000000e+00
920	8.793425e+15	0.000000e+00	0.000000e+00	0.000000e+00
921	8.796338e+15	0.000000e+00	0.000000e+00	0.000000e+00
922	8.799153e+15	0.000000e+00	0.000000e+00	0.000000e+00
923	8.802300e+15	0.000000e+00	0.000000e+00	0.000000e+00
924	8.805849e+15	0.000000e+00	0.000000e+00	0.000000e+00
925	8.809055e+15	0.000000e+00	0.000000e+00	0.000000e+00
926	8.812902e+15	0.000000e+00	0.000000e+00	0.000000e+00
927	8.815511e+15	0.000000e+00	0.000000e+00	0.000000e+00
928	8.818643e+15	0.000000e+00	0.000000e+00	0.000000e+00
929	8.819704e+15	0.000000e+00	0.000000e+00	0.000000e+00
930	8.820978e+15	0.000000e+00	0.000000e+00	0.000000e+00
931	8.822403e+15	0.000000e+00	0.000000e+00	0.000000e+00
932	8.824114e+15	0.000000e+00	0.000000e+00	0.000000e+00
933	8.826059e+15	0.000000e+00	0.000000e+00	0.000000e+00
934	8.828392e+15	0.000000e+00	0.000000e+00	0.000000e+00
935	8.831161e+15	0.000000e+00	0.000000e+00	0.000000e+00
936	8.833044e+15	0.000000e+00	0.000000e+00	0.000000e+00
937	8.835304e+15	0.000000e+00	0.000000e+00	0.000000e+00
938	8.837959e+15	0.000000e+00	0.000000e+00	0.000000e+00
939	8.841146e+15	0.000000e+00	0.000000e+00	0.000000e+00
940	8.843951e+15	0.000000e+00	0.000000e+00	0.000000e+00
941	8.847182e+15	0.000000e+00	0.000000e+00	0.000000e+00
942	8.850225e+15	0.000000e+00	0.000000e+00	0.000000e+00
943	8.853113e+15	0.000000e+00	0.000000e+00	0.000000e+00
944	8.854758e+15	0.000000e+00	0.000000e+00	0.000000e+00
945	8.856732e+15	0.000000e+00	0.000000e+00	0.000000e+00
946	8.859101e+15	0.000000e+00	0.000000e+00	0.000000e+00
947	8.861707e+15	0.000000e+00	0.000000e+00	0.000000e+00
948	8.864834e+15	0.000000e+00	0.000000e+00	0.000000e+00
949	8.868162e+15	0.000000e+00	0.000000e+00	0.000000e+00
950	8.871320e+15	0.000000e+00	0.000000e+00	0.000000e+00
951	8.874600e+15	0.000000e+00	0.000000e+00	0.000000e+00
952	8.876932e+15	0.000000e+00	0.000000e+00	0.000000e+00
953	8.879196e+15	0.000000e+00	0.000000e+00	0.000000e+00
954	8.881894e+15	0.000000e+00	0.000000e+00	0.000000e+00
955	8.885127e+15	0.000000e+00	0.000000e+00	0.000000e+00
956	8.887593e+15	0.000000e+00	0.000000e+00	0.000000e+00
957	8.890194e+15	0.000000e+00	0.000000e+00	0.000000e+00
958	8.892507e+15	0.000000e+00	0.000000e+00	0.000000e+00
959	8.895282e+15	0.000000e+00	0.000000e+00	0.000000e+00
960	8.897554e+15	0.000000e+00	0.000000e+00	0.000000e+00
961	8.900280e+15	0.000000e+00	0.000000e+00	0.000000e+00
962	8.902930e+15	0.000000e+00	0.000000e+00	0.000000e+00
963	8.905841e+15	0.000000e+00	0.000000e+00	0.000000e+00
964	8.908221e+15	0.000000e+00	0.000000e+00	0.000000e+00
965	8.908801e+15	0.000000e+00	0.000000e+00	0.000000e+00
966	8.909498e+15	0.000000e+00	0.000000e+00	0.000000e+00
967	8.910334e+15	0.000000e+00	0.000000e+00	0.000000e+00
968	8.911337e+15	0.000000e+00	0.000000e+00	0.000000e+00
969	8.912541e+15	0.000000e+00	0.000000e+00	0.000000e+00
970	8.913558e+15	0.000000e+00	0.000000e+00	0.000000e+00
971	8.914778e+15	0.000000e+00	0.000000e+00	0.000000e+00
972	8.916243e+15	0.000000e+00	0.000000e+00	0.000000e+00
973	8.917651e+15	0.000000e+00	0.000000e+00	0.000000e+00
974	8.919341e+15	0.000000e+00	0.000000e+00	0.000000e+00
975	8.921189e+15	0.000000e+00	0.000000e+00	0.000000e+00
976	8.923407e+15	0.000000e+00	0.000000e+00	0.000000e+00
977	8.923878e+15	0.000000e+00	0.000000e+00	0.000000e+00
978	8.924444e+15	0.000000e+00	0.000000e+00	0.000000e+00
979	8.925123e+15	0.000000e+00	0.000000e+00	0.000000e+00
980	8.925937e+15	0.000000e+00	0.000000e+00	0.000000e+00
981	8.926914e+15	0.000000e+00	0.000000e+00	0.000000e+00
982	8.927765e+15	0.000000e+00	0.000000e+00	0.000000e+00
983	8.928787e+15	0.000000e+00	0.000000e+00	0.000000e+00
984	8.930013e+15	0.000000e+00	0.000000e+00	0.000000e+00
985	8.931484e+15	0.000000e+00	0.000000e+00	0.000000e+00
986	8.933249e+15	0.000000e+00	0.000000e+00	0.000000e+00
987	8.933815e+15	0.000000e+00	0.000000e+00	0.000000e+00
988	8.934495e+15	0.000000e+00	0.000000e+00	0.000000e+00
989	8.935311e+15	0.000000e+00	0.000000e+00	0.000000e+00
990	8.936290e+15	0.000000e+00	0.000000e+00	0.000000e+00
991	8.937464e+15	0.000000e+00	0.000000e+00	0.000000e+00
992	8.938874e+15	0.000000e+00	0.000000e+00	0.000000e+00
993	8.940565e+15	0.000000e+00	0.000000e+00	0.000000e+00
994	8.941598e+15	0.000000e+00	0.000000e+00	0.000000e+00
995	8.942838e+15	0.000000e+00	0.000000e+00	0.000000e+00
996	8.943939e+15	0.000000e+00	0.000000e+00	0.000000e+00
997	8.945261e+15	0.000000e+00	0.000000e+00	0.000000e+00
998	8.946847e+15	0.000000e+00	0.000000e+00	0.000000e+00
999	8.948750e+15	0.000000e+00	0.000000e+00	0.000000e+00
1000	8.949840e+15	0.000000e+00	0.000000e+00	0.000000e+00
1001	8.951148e+15	0.000000e+00	0.000000e+00	0.000000e+00
1002	8.952718e+15	0.000000e+00	0.000000e+00	0.000000e+00
1003	8.954258e+15	0.000000e+00	0.000000e+00	0.000000e+00
1004	8.956105e+15	0.000000e+00	0.000000e+00	0.000000e+00
1005	8.957715e+15	0.000000e+00	0.000000e+00	0.000000e+00
1006	8.959523e+15	0.000000e+00	0.000000e+00	0.000000e+00
1007	8.960097e+15	0.000000e+00	0.000000e+00	0.000000e+00
1008	8.960786e+15	0.000000e+00	0.000000e+00	0.000000e+00
1009	8.961612e+15	0.000000e+00	0.000000e+00	0.000000e+00
1010	8.962604e+15	0.000000e+00	0.000000e+00	0.000000e+00
1011	8.963794e+15	0.000000e+00	0.000000e+00	0.000000e+00
1012	8.965071e+15	0.000000e+00	0.000000e+00	0.000000e+00
1013	8.966604e+15	0.000000e+00	0.000000e+00	0.000000e+00
1014	8.968443e+15	0.000000e+00	0.000000e+00	0.000000e+00
1015	8.970540e+15	0.000000e+00	0.000000e+00	0.000000e+00
1016	8.972054e+15	0.000000e+00	0.000000e+00	0.000000e+00
1017	8.973103e+15	0.000000e+00	0.000000e+00	0.000000e+00
1018	8.974362e+15	0.000000e+00	0.000000e+00	0.000000e+00
1019	8.975874e+15	0.000000e+00	0.000000e+00	0.000000e+00
1020	8.977622e+15	0.000000e+00	0.000000e+00	0.000000e+00
1021	8.978708e+15	0.000000e+00	0.000000e+00	0.000000e+00
1022	8.980012e+15	0.000000e+00	0.000000e+00	0.000000e+00
1023	8.981577e+15	0.000000e+00	0.000000e+00	0.000000e+00
1024	8.982395e+15	0.000000e+00	0.000000e+00	0.000000e+00
1025	8.983378e+15	0.000000e+00	0.000000e+00	0.000000e+00
1026	8.984557e+15	0.000000e+00	0.000000e+00	0.000000e+00
1027	8.985972e+15	0.000000e+00	0.000000e+00	0.000000e+00
1028	8.987670e+15	0.000000e+00	0.000000e+00	0.000000e+00
1029	8.988547e+15	0.000000e+00	0.000000e+00	0.000000e+00
1030	8.989600e+15	0.000000e+00	0.000000e+00	0.000000e+00
1031	8.990863e+15	0.000000e+00	0.000000e+00	0.000000e+00
1032	8.992006e+15	0.000000e+00	0.000000e+00	0.000000e+00
1033	8.993378e+15	0.000000e+00	0.000000e+00	0.000000e+00
1034	8.994862e+15	0.000000e+00	0.000000e+00	0.000000e+00
1035	8.996419e+15	0.000000e+00	0.000000e+00	0.000000e+00
1036	8.997501e+15	0.000000e+00	0.000000e+00	0.000000e+00
1037	8.998800e+15	0.000000e+00	0.000000e+00	0.000000e+00
1038	9.000359e+15	0.000000e+00	0.000000e+00	0.000000e+00
1039	9.002229e+15	0.000000e+00	0.000000e+00	0.000000e+00
1040	9.004151e+15	0.000000e+00	0.000000e+00	0.000000e+00
1041	9.006236e+15	0.000000e+00	0.000000e+00	0.000000e+00
1042	9.007637e+15	0.000000e+00	0.000000e+00	0.000000e+00
1043	9.009317e+15	0.000000e+00	0.000000e+00	0.000000e+00
1044	9.011333e+15	0.000000e+00	0.000000e+00	0.000000e+00
1045	9.012302e+15	0.000000e+00	0.000000e+00	0.000000e+00
1046	9.013464e+15	0.000000e+00	0.000000e+00	0.000000e+00
1047	9.014858e+15	0.000000e+00	0.000000e+00	0.000000e+00
1048	9.016281e+15	0.000000e+00	0.000000e+00	0.000000e+00
1049	9.017988e+15	0.000000e+00	0.000000e+00	0.000000e+00
1050	9.018931e+15	0.000000e+00	0.000000e+00	0.000000e+00
1051	9.020062e+15	0.000000e+00	0.000000e+00	0.000000e+00
1052	9.021420e+15	0.000000e+00	0.000000e+00	0.000000e+00
1053	9.023049e+15	0.000000e+00	0.000000e+00	0.000000e+00
1054	9.025004e+15	0.000000e+00	0.000000e+00	0.000000e+00
1055	9.026845e+15	0.000000e+00	0.000000e+00	0.000000e+00
1056	9.029054e+15	0.000000e+00	0.000000e+00	0.000000e+00
1057	9.029871e+15	0.000000e+00	0.000000e+00	0.000000e+00
1058	9.030851e+15	0.000000e+00	0.000000e+00	0.000000e+00
1059	9.032027e+15	0.000000e+00	0.000000e+00	0.000000e+00
1060	9.033439e+15	0.000000e+00	0.000000e+00	0.000000e+00
1061	9.035132e+15	0.000000e+00	0.000000e+00	0.000000e+00
1062	9.036961e+15	0.000000e+00	0.000000e+00	0.000000e+00
1063	9.038316e+15	0.000000e+00	0.000000e+00	0.000000e+00
1064	9.039823e+15	0.000000e+00	0.000000e+00	0.000000e+00
1065	9.041001e+15	0.000000e+00	0.000000e+00	0.000000e+00
1066	9.042414e+15	0.000000e+00	0.000000e+00	0.000000e+00
1067	9.043566e+15	0.000000e+00	0.000000e+00	0.000000e+00
1068	9.044948e+15	0.000000e+00	0.000000e+00	0.000000e+00
1069	9.046606e+15	0.000000e+00	0.000000e+00	0.000000e+00
1070	9.047950e+15	0.000000e+00	0.000000e+00	0.000000e+00
1071	9.049431e+15	0.000000e+00	0.000000e+00	0.000000e+00
1072	9.050372e+15	0.000000e+00	0.000000e+00	0.000000e+00
1073	9.051501e+15	0.000000e+00	0.000000e+00	0.000000e+00
1074	9.052856e+15	0.000000e+00	0.000000e+00	0.000000e+00
1075	9.054482e+15	0.000000e+00	0.000000e+00	0.000000e+00
1076	9.055950e+15	0.000000e+00	0.000000e+00	0.000000e+00
1077	9.057640e+15	0.000000e+00	0.000000e+00	0.000000e+00
1078	9.058388e+15	0.000000e+00	0.000000e+00	0.000000e+00
1079	9.059285e+15	0.000000e+00	0.000000e+00	0.000000e+00
1080	9.060362e+15	0.000000e+00	0.000000e+00	0.000000e+00
1081	9.061655e+15	0.000000e+00	0.000000e+00	0.000000e+00
1082	9.063205e+15	0.000000e+00	0.000000e+00	0.000000e+00
1083	9.065066e+15	0.000000e+00	0.000000e+00	0.000000e+00
1084	9.066666e+15	0.000000e+00	0.000000e+00	0.000000e+00
1085	9.067927e+15	0.000000e+00	0.000000e+00	0.000000e+00
1086	9.069441e+15	0.000000e+00	0.000000e+00	0.000000e+00
1087	9.070652e+15	0.000000e+00	0.000000e+00	0.000000e+00
1088	9.072105e+15	0.000000e+00	0.000000e+00	0.000000e+00
1089	9.073418e+15	0.000000e+00	0.000000e+00	0.000000e+00
1090	9.074140e+15	0.000000e+00	0.000000e+00	0.000000e+00
1091	9.075007e+15	0.000000e+00	0.000000e+00	0.000000e+00
1092	9.076048e+15	0.000000e+00	0.000000e+00	0.000000e+00
1093	9.077296e+15	0.000000e+00	0.000000e+00	0.000000e+00
1094	9.078437e+15	0.000000e+00	0.000000e+00	0.000000e+00
1095	9.079318e+15	0.000000e+00	0.000000e+00	0.000000e+00
1096	9.080376e+15	0.000000e+00	0.000000e+00	0.000000e+00
1097	9.081507e+15	0.000000e+00	0.000000e+00	0.000000e+00
1098	9.082864e+15	0.000000e+00	0.000000e+00	0.000000e+00
1099	9.084493e+15	0.000000e+00	0.000000e+00	0.000000e+00
1100	9.085769e+15	0.000000e+00	0.000000e+00	0.000000e+00
1101	9.087299e+15	0.000000e+00	0.000000e+00	0.000000e+00
1102	9.089067e+15	0.000000e+00	0.000000e+00	0.000000e+00
1103	9.090078e+15	0.000000e+00	0.000000e+00	0.000000e+00
1104	9.091292e+15	0.000000e+00	0.000000e+00	0.000000e+00
1105	9.092187e+15	0.000000e+00	0.000000e+00	0.000000e+00
1106	9.093261e+15	0.000000e+00	0.000000e+00	0.000000e+00
1107	9.094308e+15	0.000000e+00	0.000000e+00	0.000000e+00
1108	9.095564e+15	0.000000e+00	0.000000e+00	0.000000e+00
1109	9.096868e+15	0.000000e+00	0.000000e+00	0.000000e+00
1110	9.098434e+15	0.000000e+00	0.000000e+00	0.000000e+00
1111	9.100045e+15	0.000000e+00	0.000000e+00	0.000000e+00
1112	9.101046e+15	0.000000e+00	0.000000e+00	0.000000e+00
1113	9.102247e+15	0.000000e+00	0.000000e+00	0.000000e+00
1114	9.102990e+15	0.000000e+00	0.000000e+00	0.000000e+00
1115	9.103880e+15	0.000000e+00	0.000000e+00	0.000000e+00
1116	9.104949e+15	0.000000e+00	0.000000e+00	0.000000e+00
1117	9.106231e+15	0.000000e+00	0.000000e+00	0.000000e+00
1118	9.107455e+15	0.000000e+00	0.000000e+00	0.000000e+00
1119	9.108922e+15	0.000000e+00	0.000000e+00	0.000000e+00
1120	9.109851e+15	0.000000e+00	0.000000e+00	0.000000e+00
1121	9.110965e+15	0.000000e+00	0.000000e+00	0.000000e+00
1122	9.112302e+15	0.000000e+00	0.000000e+00	0.000000e+00
1123	9.113906e+15	0.000000e+00	0.000000e+00	0.000000e+00
1124	9.115831e+15	0.000000e+00	0.000000e+00	0.000000e+00
1125	9.116959e+15	0.000000e+00	0.000000e+00	0.000000e+00
1126	9.118313e+15	0.000000e+00	0.000000e+00	0.000000e+00
1127	9.119800e+15	0.000000e+00	0.000000e+00	0.000000e+00
1128	9.121583e+15	0.000000e+00	0.000000e+00	0.000000e+00
1129	9.123327e+15	0.000000e+00	0.000000e+00	0.000000e+00
1130	9.124890e+15	0.000000e+00	0.000000e+00	0.000000e+00
1131	9.125982e+15	0.000000e+00	0.000000e+00	0.000000e+00
1132	9.127292e+15	0.000000e+00	0.000000e+00	0.000000e+00
1133	9.128864e+15	0.000000e+00	0.000000e+00	0.000000e+00
1134	9.129551e+15	0.000000e+00	0.000000e+00	0.000000e+00
1135	9.130376e+15	0.000000e+00	0.000000e+00	0.000000e+00
1136	9.131366e+15	0.000000e+00	0.000000e+00	0.000000e+00
1137	9.132553e+15	0.000000e+00	0.000000e+00	0.000000e+00
1138	9.133764e+15	0.000000e+00	0.000000e+00	0.000000e+00
1139	9.135216e+15	0.000000e+00	0.000000e+00	0.000000e+00
1140	9.136520e+15	0.000000e+00	0.000000e+00	0.000000e+00
1141	9.138084e+15	0.000000e+00	0.000000e+00	0.000000e+00
1142	9.139768e+15	0.000000e+00	0.000000e+00	0.000000e+00
1143	9.141256e+15	0.000000e+00	0.000000e+00	0.000000e+00
1144	9.142811e+15	0.000000e+00	0.000000e+00	0.000000e+00
1145	9.144417e+15	0.000000e+00	0.000000e+00	0.000000e+00
1146	9.146343e+15	0.000000e+00	0.000000e+00	0.000000e+00
1147	9.147504e+15	0.000000e+00	0.000000e+00	0.000000e+00
1148	9.148898e+15	0.000000e+00	0.000000e+00	0.000000e+00
1149	9.149469e+15	0.000000e+00	0.000000e+00	0.000000e+00
1150	9.150155e+15	0.000000e+00	0.000000e+00	0.000000e+00
1151	9.150978e+15	0.000000e+00	0.000000e+00	0.000000e+00
1152	9.151965e+15	0.000000e+00	0.000000e+00	0.000000e+00
1153	9.153150e+15	0.000000e+00	0.000000e+00	0.000000e+00
1154	9.154096e+15	0.000000e+00	0.000000e+00	0.000000e+00
1155	9.155231e+15	0.000000e+00	0.000000e+00	0.000000e+00
1156	9.156592e+15	0.000000e+00	0.000000e+00	0.000000e+00
1157	9.157946e+15	0.000000e+00	0.000000e+00	0.000000e+00
1158	9.159085e+15	0.000000e+00	0.000000e+00	0.000000e+00
1159	9.160452e+15	0.000000e+00	0.000000e+00	0.000000e+00
1160	9.162092e+15	0.000000e+00	0.000000e+00	0.000000e+00
1161	9.163007e+15	0.000000e+00	0.000000e+00	0.000000e+00
1162	9.164106e+15	0.000000e+00	0.000000e+00	0.000000e+00
1163	9.165210e+15	0.000000e+00	0.000000e+00	0.000000e+00
1164	9.166535e+15	0.000000e+00	0.000000e+00	0.000000e+00
1165	9.167747e+15	0.000000e+00	0.000000e+00	0.000000e+00
1166	9.168726e+15	0.000000e+00	0.000000e+00	0.000000e+00
1167	9.169902e+15	0.000000e+00	0.000000e+00	0.000000e+00
1168	9.171313e+15	0.000000e+00	0.000000e+00	0.000000e+00
1169	9.172282e+15	0.000000e+00	0.000000e+00	0.000000e+00
1170	9.173445e+15	0.000000e+00	0.000000e+00	0.000000e+00
1171	9.174841e+15	0.000000e+00	0.000000e+00	0.000000e+00
1172	9.175858e+15	0.000000e+00	0.000000e+00	0.000000e+00
1173	9.176941e+15	0.000000e+00	0.000000e+00	0.000000e+00
1174	9.178241e+15	0.000000e+00	0.000000e+00	0.000000e+00
1175	9.179800e+15	0.000000e+00	0.000000e+00	0.000000e+00
1176	9.181672e+15	0.000000e+00	0.000000e+00	0.000000e+00
1177	9.183520e+15	0.000000e+00	0.000000e+00	0.000000e+00
1178	9.184308e+15	0.000000e+00	0.000000e+00	0.000000e+00
1179	9.185255e+15	0.000000e+00	0.000000e+00	0.000000e+00
1180	9.186390e+15	0.000000e+00	0.000000e+00	0.000000e+00
1181	9.187753e+15	0.000000e+00	0.000000e+00	0.000000e+00
1182	9.188535e+15	0.000000e+00	0.000000e+00	0.000000e+00
1183	9.189474e+15	0.000000e+00	0.000000e+00	0.000000e+00
1184	9.190601e+15	0.000000e+00	0.000000e+00	0.000000e+00
1185	9.191920e+15	0.000000e+00	0.000000e+00	0.000000e+00
1186	9.192898e+15	0.000000e+00	0.000000e+00	0.000000e+00
1187	9.193999e+15	0.000000e+00	0.000000e+00	0.000000e+00
1188	9.195320e+15	0.000000e+00	0.000000e+00	0.000000e+00
1189	9.196904e+15	0.000000e+00	0.000000e+00	0.000000e+00
1190	9.197555e+15	0.000000e+00	0.000000e+00	0.000000e+00
1191	9.198335e+15	0.000000e+00	0.000000e+00	0.000000e+00
1192	9.199271e+15	0.000000e+00	0.000000e+00	0.000000e+00
1193	9.200394e+15	0.000000e+00	0.000000e+00	0.000000e+00
1194	9.201424e+15	0.000000e+00	0.000000e+00	0.000000e+00
1195	9.202661e+15	0.000000e+00	0.000000e+00	0.000000e+00
1196	9.204144e+15	0.000000e+00	0.000000e+00	0.000000e+00
1197	9.205383e+15	0.000000e+00	0.000000e+00	0.000000e+00
1198	9.206587e+15	0.000000e+00	0.000000e+00	0.000000e+00
1199	9.208032e+15	0.000000e+00	0.000000e+00	0.000000e+00
1200	9.208690e+15	0.000000e+00	0.000000e+00	0.000000e+00
1201	9.209478e+15	0.000000e+00	0.000000e+00	0.000000e+00
1202	9.210424e+15	0.000000e+00	0.000000e+00	0.000000e+00
1203	9.211475e+15	0.000000e+00	0.000000e+00	0.000000e+00
1204	9.212737e+15	0.000000e+00	0.000000e+00	0.000000e+00
1205	9.214250e+15	0.000000e+00	0.000000e+00	0.000000e+00
1206	9.215495e+15	0.000000e+00	0.000000e+00	0.000000e+00
1207	9.216348e+15	0.000000e+00	0.000000e+00	0.000000e+00
1208	9.217371e+15	0.000000e+00	0.000000e+00	0.000000e+00
1209	9.218599e+15	0.000000e+00	0.000000e+00	0.000000e+00
1210	9.219361e+15	0.000000e+00	0.000000e+00	0.000000e+00
1211	9.220276e+15	0.000000e+00	0.000000e+00	0.000000e+00
1212	9.221374e+15	0.000000e+00	0.000000e+00	0.000000e+00
1213	9.222692e+15	0.000000e+00	0.000000e+00	0.000000e+00
1214	9.224273e+15	0.000000e+00	0.000000e+00	0.000000e+00
1215	9.225177e+15	0.000000e+00	0.000000e+00	0.000000e+00
1216	9.226262e+15	0.000000e+00	0.000000e+00	0.000000e+00
1217	9.227418e+15	0.000000e+00	0.000000e+00	0.000000e+00
1218	9.228754e+15	0.000000e+00	0.000000e+00	0.000000e+00
1219	9.230358e+15	0.000000e+00	0.000000e+00	0.000000e+00
1220	9.231289e+15	0.000000e+00	0.000000e+00	0.000000e+00
1221	9.232406e+15	0.000000e+00	0.000000e+00	0.000000e+00
1222	9.233747e+15	0.000000e+00	0.000000e+00	0.000000e+00
1223	9.235355e+15	0.000000e+00	0.000000e+00	0.000000e+00
1224	9.237285e+15	0.000000e+00	0.000000e+00	0.000000e+00
1225	9.238045e+15	0.000000e+00	0.000000e+00	0.000000e+00
1226	9.238957e+15	0.000000e+00	0.000000e+00	0.000000e+00
1227	9.240052e+15	0.000000e+00	0.000000e+00	0.000000e+00
1228	9.241348e+15	0.000000e+00	0.000000e+00	0.000000e+00
1229	9.242877e+15	0.000000e+00	0.000000e+00	0.000000e+00
1230	9.244634e+15	0.000000e+00	0.000000e+00	0.000000e+00
1231	9.246194e+15	0.000000e+00	0.000000e+00	0.000000e+00
1232	9.247650e+15	0.000000e+00	0.000000e+00	0.000000e+00
1233	9.249253e+15	0.000000e+00	0.000000e+00	0.000000e+00
1234	9.250002e+15	0.000000e+00	0.000000e+00	0.000000e+00
1235	9.250900e+15	0.000000e+00	0.000000e+00	0.000000e+00
1236	9.251978e+15	0.000000e+00	0.000000e+00	0.000000e+00
1237	9.253019e+15	0.000000e+00	0.000000e+00	0.000000e+00
1238	9.254268e+15	0.000000e+00	0.000000e+00	0.000000e+00
1239	9.255766e+15	0.000000e+00	0.000000e+00	0.000000e+00
1240	9.256594e+15	0.000000e+00	0.000000e+00	0.000000e+00
1241	9.257587e+15	0.000000e+00	0.000000e+00	0.000000e+00
1242	9.258267e+15	0.000000e+00	0.000000e+00	0.000000e+00
1243	9.259083e+15	0.000000e+00	0.000000e+00	0.000000e+00
1244	9.260062e+15	0.000000e+00	0.000000e+00	0.000000e+00
1245	9.261236e+15	0.000000e+00	0.000000e+00	0.000000e+00
1246	9.262646e+15	0.000000e+00	0.000000e+00	0.000000e+00
1247	9.263599e+15	0.000000e+00	0.000000e+00	0.000000e+00
1248	9.264742e+15	0.000000e+00	0.000000e+00	0.000000e+00
1249	9.266114e+15	0.000000e+00	0.000000e+00	0.000000e+00
1250	9.267397e+15	0.000000e+00	0.000000e+00	0.000000e+00
1251	9.268935e+15	0.000000e+00	0.000000e+00	0.000000e+00
1252	9.270782e+15	0.000000e+00	0.000000e+00	0.000000e+00
1253	9.272998e+15	0.000000e+00	0.000000e+00	0.000000e+00
1254	9.274161e+15	0.000000e+00	0.000000e+00	0.000000e+00
1255	9.275492e+15	0.000000e+00	0.000000e+00	0.000000e+00
1256	9.277019e+15	0.000000e+00	0.000000e+00	0.000000e+00
1257	9.277909e+15	0.000000e+00	0.000000e+00	0.000000e+00
1258	9.278976e+15	0.000000e+00	0.000000e+00	0.000000e+00
1259	9.280257e+15	0.000000e+00	0.000000e+00	0.000000e+00
1260	9.281795e+15	0.000000e+00	0.000000e+00	0.000000e+00
1261	9.282880e+15	0.000000e+00	0.000000e+00	0.000000e+00
1262	9.283853e+15	0.000000e+00	0.000000e+00	0.000000e+00
1263	9.285021e+15	0.000000e+00	0.000000e+00	0.000000e+00
1264	9.286422e+15	0.000000e+00	0.000000e+00	0.000000e+00
1265	9.287594e+15	0.000000e+00	0.000000e+00	0.000000e+00
1266	9.289001e+15	0.000000e+00	0.000000e+00	0.000000e+00
1267	9.290007e+15	0.000000e+00	0.000000e+00	0.000000e+00
1268	9.290707e+15	0.000000e+00	0.000000e+00	0.000000e+00
1269	9.291546e+15	0.000000e+00	0.000000e+00	0.000000e+00
1270	9.292554e+15	0.000000e+00	0.000000e+00	0.000000e+00
1271	9.293541e+15	0.000000e+00	0.000000e+00	0.000000e+00
1272	9.294727e+15	0.000000e+00	0.000000e+00	0.000000e+00
1273	9.296149e+15	0.000000e+00	0.000000e+00	0.000000e+00
1274	9.297856e+15	0.000000e+00	0.000000e+00	0.000000e+00
1275	9.299100e+15	0.000000e+00	0.000000e+00	0.000000e+00
1276	9.300593e+15	0.000000e+00	0.000000e+00	0.000000e+00
1277	9.302215e+15	0.000000e+00	0.000000e+00	0.000000e+00
1278	9.303179e+15	0.000000e+00	0.000000e+00	0.000000e+00
1279	9.304335e+15	0.000000e+00	0.000000e+00	0.000000e+00
1280	9.305724e+15	0.000000e+00	0.000000e+00	0.000000e+00
1281	9.307390e+15	0.000000e+00	0.000000e+00	0.000000e+00
1282	9.308592e+15	0.000000e+00	0.000000e+00	0.000000e+00
1283	9.310036e+15	0.000000e+00	0.000000e+00	0.000000e+00
1284	9.311373e+15	0.000000e+00	0.000000e+00	0.000000e+00
1285	9.312908e+15	0.000000e+00	0.000000e+00	0.000000e+00
1286	9.314750e+15	0.000000e+00	0.000000e+00	0.000000e+00
1287	9.316595e+15	0.000000e+00	0.000000e+00	0.000000e+00
1288	9.318585e+15	0.000000e+00	0.000000e+00	0.000000e+00
1289	9.319710e+15	0.000000e+00	0.000000e+00	0.000000e+00
1290	9.320864e+15	0.000000e+00	0.000000e+00	0.000000e+00
1291	9.322248e+15	0.000000e+00	0.000000e+00	0.000000e+00
1292	9.323638e+15	0.000000e+00	0.000000e+00	0.000000e+00
1293	9.324967e+15	0.000000e+00	0.000000e+00	0.000000e+00
1294	9.326561e+15	0.000000e+00	0.000000e+00	0.000000e+00
1295	9.327604e+15	0.000000e+00	0.000000e+00	0.000000e+00
1296	9.328856e+15	0.000000e+00	0.000000e+00	0.000000e+00
1297	9.330358e+15	0.000000e+00	0.000000e+00	0.000000e+00
1298	9.331201e+15	0.000000e+00	0.000000e+00	0.000000e+00
1299	9.332213e+15	0.000000e+00	0.000000e+00	0.000000e+00
1300	9.333428e+15	0.000000e+00	0.000000e+00	0.000000e+00
1301	9.334886e+15	0.000000e+00	0.000000e+00	0.000000e+00
1302	9.335647e+15	0.000000e+00	0.000000e+00	0.000000e+00
1303	9.336561e+15	0.000000e+00	0.000000e+00	0.000000e+00
1304	9.337657e+15	0.000000e+00	0.000000e+00	0.000000e+00
1305	9.338973e+15	0.000000e+00	0.000000e+00	0.000000e+00
1306	9.340027e+15	0.000000e+00	0.000000e+00	0.000000e+00
1307	9.341087e+15	0.000000e+00	0.000000e+00	0.000000e+00
1308	9.342359e+15	0.000000e+00	0.000000e+00	0.000000e+00
1309	9.343824e+15	0.000000e+00	0.000000e+00	0.000000e+00
1310	9.345197e+15	0.000000e+00	0.000000e+00	0.000000e+00
1311	9.346358e+15	0.000000e+00	0.000000e+00	0.000000e+00
1312	9.347750e+15	0.000000e+00	0.000000e+00	0.000000e+00
1313	9.349157e+15	0.000000e+00	0.000000e+00	0.000000e+00
1314	9.350845e+15	0.000000e+00	0.000000e+00	0.000000e+00
1315	9.352710e+15	0.000000e+00	0.000000e+00	0.000000e+00
1316	9.354376e+15	0.000000e+00	0.000000e+00	0.000000e+00
1317	9.355228e+15	0.000000e+00	0.000000e+00	0.000000e+00
1318	9.356130e+15	0.000000e+00	0.000000e+00	0.000000e+00
1319	9.357212e+15	0.000000e+00	0.000000e+00	0.000000e+00
1320	9.358495e+15	0.000000e+00	0.000000e+00	0.000000e+00
1321	9.360036e+15	0.000000e+00	0.000000e+00	0.000000e+00
1322	9.360640e+15	0.000000e+00	0.000000e+00	0.000000e+00
1323	9.361366e+15	0.000000e+00	0.000000e+00	0.000000e+00
1324	9.362236e+15	0.000000e+00	0.000000e+00	0.000000e+00
1325	9.363154e+15	0.000000e+00	0.000000e+00	0.000000e+00
1326	9.364255e+15	0.000000e+00	0.000000e+00	0.000000e+00
1327	9.365576e+15	0.000000e+00	0.000000e+00	0.000000e+00
1328	9.367162e+15	0.000000e+00	0.000000e+00	0.000000e+00
1329	9.368824e+15	0.000000e+00	0.000000e+00	0.000000e+00
1330	9.370416e+15	0.000000e+00	0.000000e+00	0.000000e+00
1331	9.371689e+15	0.000000e+00	0.000000e+00	0.000000e+00
1332	9.372878e+15	0.000000e+00	0.000000e+00	0.000000e+00
1333	9.374305e+15	0.000000e+00	0.000000e+00	0.000000e+00
1334	9.376017e+15	0.000000e+00	0.000000e+00	0.000000e+00
1335	9.377371e+15	0.000000e+00	0.000000e+00	0.000000e+00
1336	9.378996e+15	0.000000e+00	0.000000e+00	0.000000e+00
1337	9.380484e+15	0.000000e+00	0.000000e+00	0.000000e+00
1338	9.382269e+15	0.000000e+00	0.000000e+00	0.000000e+00
1339	9.383651e+15	0.000000e+00	0.000000e+00	0.000000e+00
1340	9.385310e+15	0.000000e+00	0.000000e+00	0.000000e+00
1341	9.386287e+15	0.000000e+00	0.000000e+00	0.000000e+00
1342	9.387460e+15	0.000000e+00	0.000000e+00	0.000000e+00
1343	9.388868e+15	0.000000e+00	0.000000e+00	0.000000e+00
1344	9.390022e+15	0.000000e+00	0.000000e+00	0.000000e+00
1345	9.391408e+15	0.000000e+00	0.000000e+00	0.000000e+00
1346	9.393071e+15	0.000000e+00	0.000000e+00	0.000000e+00
1347	9.394215e+15	0.000000e+00	0.000000e+00	0.000000e+00
1348	9.395588e+15	0.000000e+00	0.000000e+00	0.000000e+00
1349	9.397235e+15	0.000000e+00	0.000000e+00	0.000000e+00
1350	9.398326e+15	0.000000e+00	0.000000e+00	0.000000e+00
1351	9.399363e+15	0.000000e+00	0.000000e+00	0.000000e+00
1352	9.400607e+15	0.000000e+00	0.000000e+00	0.000000e+00
1353	9.402100e+15	0.000000e+00	0.000000e+00	0.000000e+00
1354	9.403223e+15	0.000000e+00	0.000000e+00	0.000000e+00
1355	9.404571e+15	0.000000e+00	0.000000e+00	0.000000e+00
1356	9.406188e+15	0.000000e+00	0.000000e+00	0.000000e+00
1357	9.408129e+15	0.000000e+00	0.000000e+00	0.000000e+00
1358	9.409364e+15	0.000000e+00	0.000000e+00	0.000000e+00
1359	9.410845e+15	0.000000e+00	0.000000e+00	0.000000e+00
1360	9.411888e+15	0.000000e+00	0.000000e+00	0.000000e+00
1361	9.413139e+15	0.000000e+00	0.000000e+00	0.000000e+00
1362	9.414642e+15	0.000000e+00	0.000000e+00	0.000000e+00
1363	9.416244e+15	0.000000e+00	0.000000e+00	0.000000e+00
1364	9.417520e+15	0.000000e+00	0.000000e+00	0.000000e+00
1365	9.418315e+15	0.000000e+00	0.000000e+00	0.000000e+00
1366	9.419270e+15	0.000000e+00	0.000000e+00	0.000000e+00
1367	9.420415e+15	0.000000e+00	0.000000e+00	0.000000e+00
1368	9.421790e+15	0.000000e+00	0.000000e+00	0.000000e+00
1369	9.422642e+15	0.000000e+00	0.000000e+00	0.000000e+00
1370	9.423526e+15	0.000000e+00	0.000000e+00	0.000000e+00
1371	9.424587e+15	0.000000e+00	0.000000e+00	0.000000e+00
1372	9.425458e+15	0.000000e+00	0.000000e+00	0.000000e+00
1373	9.426503e+15	0.000000e+00	0.000000e+00	0.000000e+00
1374	9.427757e+15	0.000000e+00	0.000000e+00	0.000000e+00
1375	9.429261e+15	0.000000e+00	0.000000e+00	0.000000e+00
1376	9.430365e+15	0.000000e+00	0.000000e+00	0.000000e+00
1377	9.431690e+15	0.000000e+00	0.000000e+00	0.000000e+00
1378	9.433280e+15	0.000000e+00	0.000000e+00	0.000000e+00
1379	9.434788e+15	0.000000e+00	0.000000e+00	0.000000e+00
1380	9.436268e+15	0.000000e+00	0.000000e+00	0.000000e+00
1381	9.438006e+15	0.000000e+00	0.000000e+00	0.000000e+00
1382	9.439130e+15	0.000000e+00	0.000000e+00	0.000000e+00
1383	9.440441e+15	0.000000e+00	0.000000e+00	0.000000e+00
1384	9.442015e+15	0.000000e+00	0.000000e+00	0.000000e+00
1385	9.442979e+15	0.000000e+00	0.000000e+00	0.000000e+00
1386	9.444137e+15	0.000000e+00	0.000000e+00	0.000000e+00
1387	9.445526e+15	0.000000e+00	0.000000e+00	0.000000e+00
1388	9.447192e+15	0.000000e+00	0.000000e+00	0.000000e+00
1389	9.449192e+15	0.000000e+00	0.000000e+00	0.000000e+00
1390	9.449863e+15	0.000000e+00	0.000000e+00	0.000000e+00
1391	9.450667e+15	0.000000e+00	0.000000e+00	0.000000e+00
