# W => 2.0e6
# method => lookup
# mantle temperature => 1573.0
# melting plot interval => 6.3e13
# max step => -1
# nx => 101
# lithosphere thickness => 90000.17
# marky => 12
# plot interval field => 1.575e14
# plot interval marker => 1.575e15
# H => 2.85e6
# g => 10.0
# ny => 143
# Tcmb => 2998.5489127396577
# max time => 9.45e15
# output directory => /nfs/peloton/waltz/rudolphlab/mpi-io-DOES-NOT-WORK-ON-HIVE/qxl51/plume-melt/plume_150000.7_350.0_90000.17
# eclogite frac => 0.2
# markx => 6
1	0.000000e+00	0.000000e+00	0.000000e+00	0.000000e+00
2	1.000000e+10	0.000000e+00	0.000000e+00	0.000000e+00
3	2.200000e+10	0.000000e+00	0.000000e+00	0.000000e+00
4	3.640000e+10	0.000000e+00	0.000000e+00	0.000000e+00
5	5.368000e+10	0.000000e+00	0.000000e+00	0.000000e+00
6	7.441600e+10	0.000000e+00	0.000000e+00	0.000000e+00
7	9.929920e+10	0.000000e+00	0.000000e+00	0.000000e+00
8	1.291590e+11	0.000000e+00	0.000000e+00	0.000000e+00
9	1.649908e+11	0.000000e+00	0.000000e+00	0.000000e+00
10	2.079890e+11	0.000000e+00	0.000000e+00	0.000000e+00
11	2.595868e+11	0.000000e+00	0.000000e+00	0.000000e+00
12	3.215042e+11	0.000000e+00	0.000000e+00	0.000000e+00
13	3.958050e+11	0.000000e+00	0.000000e+00	0.000000e+00
14	4.849660e+11	0.000000e+00	0.000000e+00	0.000000e+00
15	5.919592e+11	0.000000e+00	0.000000e+00	0.000000e+00
16	7.203511e+11	0.000000e+00	0.000000e+00	0.000000e+00
17	8.744213e+11	0.000000e+00	0.000000e+00	0.000000e+00
18	1.059306e+12	0.000000e+00	0.000000e+00	0.000000e+00
19	1.281167e+12	0.000000e+00	0.000000e+00	0.000000e+00
20	1.547400e+12	0.000000e+00	0.000000e+00	0.000000e+00
21	1.866880e+12	0.000000e+00	0.000000e+00	0.000000e+00
22	2.250256e+12	0.000000e+00	0.000000e+00	0.000000e+00
23	2.710307e+12	0.000000e+00	0.000000e+00	0.000000e+00
24	3.262369e+12	0.000000e+00	0.000000e+00	0.000000e+00
25	3.924842e+12	0.000000e+00	0.000000e+00	0.000000e+00
26	4.719811e+12	0.000000e+00	0.000000e+00	0.000000e+00
27	5.673773e+12	0.000000e+00	0.000000e+00	0.000000e+00
28	6.818528e+12	0.000000e+00	0.000000e+00	0.000000e+00
29	8.192233e+12	0.000000e+00	0.000000e+00	0.000000e+00
30	9.840680e+12	0.000000e+00	0.000000e+00	0.000000e+00
31	1.181882e+13	0.000000e+00	0.000000e+00	0.000000e+00
32	1.419258e+13	0.000000e+00	0.000000e+00	0.000000e+00
33	1.704109e+13	0.000000e+00	0.000000e+00	0.000000e+00
34	2.045931e+13	0.000000e+00	0.000000e+00	0.000000e+00
35	2.456118e+13	0.000000e+00	0.000000e+00	0.000000e+00
36	2.948341e+13	0.000000e+00	0.000000e+00	0.000000e+00
37	3.539009e+13	0.000000e+00	0.000000e+00	0.000000e+00
38	4.247811e+13	0.000000e+00	0.000000e+00	0.000000e+00
39	5.098373e+13	0.000000e+00	0.000000e+00	0.000000e+00
40	6.119048e+13	0.000000e+00	0.000000e+00	0.000000e+00
41	7.343858e+13	0.000000e+00	0.000000e+00	0.000000e+00
42	8.813629e+13	0.000000e+00	0.000000e+00	0.000000e+00
43	1.057736e+14	0.000000e+00	0.000000e+00	0.000000e+00
44	1.269383e+14	0.000000e+00	0.000000e+00	0.000000e+00
45	1.523359e+14	0.000000e+00	0.000000e+00	0.000000e+00
46	1.828131e+14	0.000000e+00	0.000000e+00	0.000000e+00
47	2.193857e+14	0.000000e+00	0.000000e+00	0.000000e+00
48	2.632729e+14	0.000000e+00	0.000000e+00	0.000000e+00
49	3.159374e+14	0.000000e+00	0.000000e+00	0.000000e+00
50	3.574499e+14	0.000000e+00	0.000000e+00	0.000000e+00
51	3.829830e+14	0.000000e+00	0.000000e+00	0.000000e+00
52	4.014807e+14	0.000000e+00	0.000000e+00	0.000000e+00
53	4.160536e+14	0.000000e+00	0.000000e+00	0.000000e+00
54	4.283634e+14	0.000000e+00	0.000000e+00	0.000000e+00
55	4.391608e+14	0.000000e+00	0.000000e+00	0.000000e+00
56	4.490311e+14	0.000000e+00	0.000000e+00	0.000000e+00
57	4.582697e+14	0.000000e+00	0.000000e+00	0.000000e+00
58	4.669070e+14	0.000000e+00	0.000000e+00	0.000000e+00
59	4.751678e+14	0.000000e+00	0.000000e+00	0.000000e+00
60	4.831903e+14	0.000000e+00	0.000000e+00	0.000000e+00
61	4.908581e+14	0.000000e+00	0.000000e+00	0.000000e+00
62	4.983483e+14	0.000000e+00	0.000000e+00	0.000000e+00
63	5.055979e+14	0.000000e+00	0.000000e+00	0.000000e+00
64	5.125501e+14	0.000000e+00	0.000000e+00	0.000000e+00
65	5.193425e+14	0.000000e+00	0.000000e+00	0.000000e+00
66	5.259917e+14	0.000000e+00	0.000000e+00	0.000000e+00
67	5.324485e+14	0.000000e+00	0.000000e+00	0.000000e+00
68	5.387320e+14	0.000000e+00	0.000000e+00	0.000000e+00
69	5.449627e+14	0.000000e+00	0.000000e+00	0.000000e+00
70	5.510433e+14	0.000000e+00	0.000000e+00	0.000000e+00
71	5.570685e+14	0.000000e+00	0.000000e+00	0.000000e+00
72	5.630182e+14	0.000000e+00	0.000000e+00	0.000000e+00
73	5.688981e+14	0.000000e+00	0.000000e+00	0.000000e+00
74	5.747927e+14	0.000000e+00	0.000000e+00	0.000000e+00
75	5.806434e+14	0.000000e+00	0.000000e+00	0.000000e+00
76	5.864392e+14	0.000000e+00	0.000000e+00	0.000000e+00
77	5.922087e+14	0.000000e+00	0.000000e+00	0.000000e+00
78	5.979827e+14	0.000000e+00	0.000000e+00	0.000000e+00
79	6.036875e+14	0.000000e+00	0.000000e+00	0.000000e+00
80	6.093974e+14	0.000000e+00	0.000000e+00	0.000000e+00
81	6.151103e+14	0.000000e+00	0.000000e+00	0.000000e+00
82	6.207898e+14	0.000000e+00	0.000000e+00	0.000000e+00
83	6.265454e+14	0.000000e+00	0.000000e+00	0.000000e+00
84	6.323377e+14	0.000000e+00	0.000000e+00	0.000000e+00
85	6.381651e+14	0.000000e+00	0.000000e+00	0.000000e+00
86	6.440092e+14	0.000000e+00	0.000000e+00	0.000000e+00
87	6.498354e+14	0.000000e+00	0.000000e+00	0.000000e+00
88	6.557138e+14	0.000000e+00	0.000000e+00	0.000000e+00
89	6.616238e+14	0.000000e+00	0.000000e+00	0.000000e+00
90	6.675115e+14	0.000000e+00	0.000000e+00	0.000000e+00
91	6.734919e+14	0.000000e+00	0.000000e+00	0.000000e+00
92	6.794534e+14	0.000000e+00	0.000000e+00	0.000000e+00
93	6.854181e+14	0.000000e+00	0.000000e+00	0.000000e+00
94	6.913578e+14	0.000000e+00	0.000000e+00	0.000000e+00
95	6.973308e+14	0.000000e+00	0.000000e+00	0.000000e+00
96	7.033376e+14	0.000000e+00	0.000000e+00	0.000000e+00
97	7.093000e+14	0.000000e+00	0.000000e+00	0.000000e+00
98	7.153580e+14	0.000000e+00	0.000000e+00	0.000000e+00
99	7.212749e+14	0.000000e+00	0.000000e+00	0.000000e+00
100	7.274550e+14	0.000000e+00	0.000000e+00	0.000000e+00
101	7.336022e+14	0.000000e+00	0.000000e+00	0.000000e+00
102	7.397915e+14	0.000000e+00	0.000000e+00	0.000000e+00
103	7.460346e+14	0.000000e+00	0.000000e+00	0.000000e+00
104	7.521067e+14	0.000000e+00	0.000000e+00	0.000000e+00
105	7.583182e+14	0.000000e+00	0.000000e+00	0.000000e+00
106	7.647480e+14	0.000000e+00	0.000000e+00	0.000000e+00
107	7.709552e+14	0.000000e+00	0.000000e+00	0.000000e+00
108	7.770742e+14	0.000000e+00	0.000000e+00	0.000000e+00
109	7.833897e+14	0.000000e+00	0.000000e+00	0.000000e+00
110	7.897047e+14	0.000000e+00	0.000000e+00	0.000000e+00
111	7.960352e+14	0.000000e+00	0.000000e+00	0.000000e+00
112	8.024134e+14	0.000000e+00	0.000000e+00	0.000000e+00
113	8.087211e+14	0.000000e+00	0.000000e+00	0.000000e+00
114	8.151516e+14	0.000000e+00	0.000000e+00	0.000000e+00
115	8.215757e+14	0.000000e+00	0.000000e+00	0.000000e+00
116	8.280707e+14	0.000000e+00	0.000000e+00	0.000000e+00
117	8.345792e+14	0.000000e+00	0.000000e+00	0.000000e+00
118	8.412974e+14	0.000000e+00	0.000000e+00	0.000000e+00
119	8.478217e+14	0.000000e+00	0.000000e+00	0.000000e+00
120	8.544174e+14	0.000000e+00	0.000000e+00	0.000000e+00
121	8.611208e+14	0.000000e+00	0.000000e+00	0.000000e+00
122	8.679426e+14	0.000000e+00	0.000000e+00	0.000000e+00
123	8.746730e+14	0.000000e+00	0.000000e+00	0.000000e+00
124	8.814179e+14	0.000000e+00	0.000000e+00	0.000000e+00
125	8.880576e+14	0.000000e+00	0.000000e+00	0.000000e+00
126	8.946056e+14	0.000000e+00	0.000000e+00	0.000000e+00
127	9.013414e+14	0.000000e+00	0.000000e+00	0.000000e+00
128	9.080860e+14	0.000000e+00	0.000000e+00	0.000000e+00
129	9.147212e+14	0.000000e+00	0.000000e+00	0.000000e+00
130	9.217244e+14	0.000000e+00	0.000000e+00	0.000000e+00
131	9.285699e+14	0.000000e+00	0.000000e+00	0.000000e+00
132	9.355589e+14	0.000000e+00	0.000000e+00	0.000000e+00
133	9.427583e+14	0.000000e+00	0.000000e+00	0.000000e+00
134	9.498125e+14	0.000000e+00	0.000000e+00	0.000000e+00
135	9.568759e+14	0.000000e+00	0.000000e+00	0.000000e+00
136	9.639213e+14	0.000000e+00	0.000000e+00	0.000000e+00
137	9.708634e+14	0.000000e+00	0.000000e+00	0.000000e+00
138	9.779969e+14	0.000000e+00	0.000000e+00	0.000000e+00
139	9.848530e+14	0.000000e+00	0.000000e+00	0.000000e+00
140	9.918205e+14	0.000000e+00	0.000000e+00	0.000000e+00
141	9.988183e+14	0.000000e+00	0.000000e+00	0.000000e+00
142	1.005794e+15	0.000000e+00	0.000000e+00	0.000000e+00
143	1.012885e+15	0.000000e+00	0.000000e+00	0.000000e+00
144	1.019807e+15	0.000000e+00	0.000000e+00	0.000000e+00
145	1.026991e+15	0.000000e+00	0.000000e+00	0.000000e+00
146	1.034559e+15	0.000000e+00	0.000000e+00	0.000000e+00
147	1.041704e+15	0.000000e+00	0.000000e+00	0.000000e+00
148	1.048882e+15	0.000000e+00	0.000000e+00	0.000000e+00
149	1.056441e+15	0.000000e+00	0.000000e+00	0.000000e+00
150	1.063688e+15	0.000000e+00	0.000000e+00	0.000000e+00
151	1.071165e+15	0.000000e+00	0.000000e+00	0.000000e+00
152	1.078416e+15	0.000000e+00	0.000000e+00	0.000000e+00
153	1.085793e+15	0.000000e+00	0.000000e+00	0.000000e+00
154	1.093442e+15	0.000000e+00	0.000000e+00	0.000000e+00
155	1.100951e+15	0.000000e+00	0.000000e+00	0.000000e+00
156	1.108461e+15	0.000000e+00	0.000000e+00	0.000000e+00
157	1.116354e+15	0.000000e+00	0.000000e+00	0.000000e+00
158	1.124162e+15	0.000000e+00	0.000000e+00	0.000000e+00
159	1.132081e+15	0.000000e+00	0.000000e+00	0.000000e+00
160	1.140081e+15	0.000000e+00	0.000000e+00	0.000000e+00
161	1.148162e+15	0.000000e+00	0.000000e+00	0.000000e+00
162	1.156198e+15	0.000000e+00	0.000000e+00	0.000000e+00
163	1.164518e+15	0.000000e+00	0.000000e+00	0.000000e+00
164	1.172648e+15	0.000000e+00	0.000000e+00	0.000000e+00
165	1.180886e+15	0.000000e+00	0.000000e+00	0.000000e+00
166	1.189342e+15	0.000000e+00	0.000000e+00	0.000000e+00
167	1.197591e+15	0.000000e+00	0.000000e+00	0.000000e+00
168	1.205917e+15	0.000000e+00	0.000000e+00	0.000000e+00
169	1.214373e+15	0.000000e+00	0.000000e+00	0.000000e+00
170	1.222512e+15	0.000000e+00	0.000000e+00	0.000000e+00
171	1.231210e+15	0.000000e+00	0.000000e+00	0.000000e+00
172	1.240031e+15	0.000000e+00	0.000000e+00	0.000000e+00
173	1.248348e+15	0.000000e+00	0.000000e+00	0.000000e+00
174	1.256932e+15	0.000000e+00	0.000000e+00	0.000000e+00
175	1.265831e+15	0.000000e+00	0.000000e+00	0.000000e+00
176	1.274543e+15	0.000000e+00	0.000000e+00	0.000000e+00
177	1.283172e+15	0.000000e+00	0.000000e+00	0.000000e+00
178	1.291935e+15	0.000000e+00	0.000000e+00	0.000000e+00
179	1.300080e+15	0.000000e+00	0.000000e+00	0.000000e+00
180	1.308981e+15	0.000000e+00	0.000000e+00	0.000000e+00
181	1.318496e+15	0.000000e+00	0.000000e+00	0.000000e+00
182	1.326814e+15	0.000000e+00	0.000000e+00	0.000000e+00
183	1.335714e+15	0.000000e+00	0.000000e+00	0.000000e+00
184	1.344150e+15	0.000000e+00	0.000000e+00	0.000000e+00
185	1.351654e+15	0.000000e+00	0.000000e+00	0.000000e+00
186	1.360298e+15	0.000000e+00	0.000000e+00	0.000000e+00
187	1.369727e+15	0.000000e+00	0.000000e+00	0.000000e+00
188	1.378162e+15	0.000000e+00	0.000000e+00	0.000000e+00
189	1.387219e+15	0.000000e+00	0.000000e+00	0.000000e+00
190	1.397397e+15	0.000000e+00	0.000000e+00	0.000000e+00
191	1.407106e+15	0.000000e+00	0.000000e+00	0.000000e+00
192	1.416945e+15	0.000000e+00	0.000000e+00	0.000000e+00
193	1.427932e+15	0.000000e+00	0.000000e+00	0.000000e+00
194	1.438732e+15	0.000000e+00	0.000000e+00	0.000000e+00
195	1.450085e+15	0.000000e+00	0.000000e+00	0.000000e+00
196	1.460915e+15	0.000000e+00	0.000000e+00	0.000000e+00
197	1.471632e+15	0.000000e+00	0.000000e+00	0.000000e+00
198	1.483865e+15	0.000000e+00	0.000000e+00	0.000000e+00
199	1.496721e+15	0.000000e+00	0.000000e+00	0.000000e+00
200	1.506967e+15	0.000000e+00	0.000000e+00	0.000000e+00
201	1.518310e+15	0.000000e+00	0.000000e+00	0.000000e+00
202	1.527924e+15	0.000000e+00	0.000000e+00	0.000000e+00
203	1.538200e+15	0.000000e+00	0.000000e+00	0.000000e+00
204	1.548340e+15	0.000000e+00	0.000000e+00	0.000000e+00
205	1.557102e+15	0.000000e+00	0.000000e+00	0.000000e+00
206	1.567219e+15	0.000000e+00	0.000000e+00	0.000000e+00
207	1.577809e+15	0.000000e+00	0.000000e+00	0.000000e+00
208	1.589240e+15	0.000000e+00	0.000000e+00	0.000000e+00
209	1.602959e+15	0.000000e+00	0.000000e+00	0.000000e+00
210	1.614169e+15	0.000000e+00	0.000000e+00	0.000000e+00
211	1.626266e+15	0.000000e+00	0.000000e+00	0.000000e+00
212	1.639072e+15	0.000000e+00	0.000000e+00	0.000000e+00
213	1.649690e+15	0.000000e+00	0.000000e+00	0.000000e+00
214	1.661899e+15	0.000000e+00	0.000000e+00	0.000000e+00
215	1.676035e+15	0.000000e+00	0.000000e+00	0.000000e+00
216	1.687748e+15	0.000000e+00	0.000000e+00	0.000000e+00
217	1.701233e+15	0.000000e+00	0.000000e+00	0.000000e+00
218	1.712993e+15	0.000000e+00	0.000000e+00	0.000000e+00
219	1.724049e+15	0.000000e+00	0.000000e+00	0.000000e+00
220	1.737223e+15	0.000000e+00	0.000000e+00	0.000000e+00
221	1.750902e+15	0.000000e+00	0.000000e+00	0.000000e+00
222	1.763369e+15	0.000000e+00	0.000000e+00	0.000000e+00
223	1.775178e+15	0.000000e+00	0.000000e+00	0.000000e+00
224	1.787976e+15	0.000000e+00	0.000000e+00	0.000000e+00
225	1.803334e+15	0.000000e+00	0.000000e+00	0.000000e+00
226	1.815927e+15	0.000000e+00	0.000000e+00	0.000000e+00
227	1.828414e+15	0.000000e+00	0.000000e+00	0.000000e+00
228	1.841763e+15	0.000000e+00	0.000000e+00	0.000000e+00
229	1.854090e+15	0.000000e+00	0.000000e+00	0.000000e+00
230	1.865859e+15	0.000000e+00	0.000000e+00	0.000000e+00
231	1.877567e+15	0.000000e+00	0.000000e+00	0.000000e+00
232	1.889141e+15	0.000000e+00	0.000000e+00	0.000000e+00
233	1.903030e+15	0.000000e+00	0.000000e+00	0.000000e+00
234	1.919697e+15	0.000000e+00	0.000000e+00	0.000000e+00
235	1.936703e+15	0.000000e+00	0.000000e+00	0.000000e+00
236	1.951068e+15	0.000000e+00	0.000000e+00	0.000000e+00
237	1.968293e+15	0.000000e+00	0.000000e+00	0.000000e+00
238	1.985606e+15	0.000000e+00	0.000000e+00	0.000000e+00
239	2.001219e+15	0.000000e+00	0.000000e+00	0.000000e+00
240	2.018422e+15	0.000000e+00	0.000000e+00	0.000000e+00
241	2.035703e+15	0.000000e+00	0.000000e+00	0.000000e+00
242	2.053140e+15	0.000000e+00	0.000000e+00	0.000000e+00
243	2.070684e+15	0.000000e+00	0.000000e+00	0.000000e+00
244	2.088117e+15	0.000000e+00	0.000000e+00	0.000000e+00
245	2.105554e+15	0.000000e+00	0.000000e+00	0.000000e+00
246	2.117619e+15	0.000000e+00	0.000000e+00	0.000000e+00
247	2.132098e+15	0.000000e+00	0.000000e+00	0.000000e+00
248	2.148855e+15	0.000000e+00	0.000000e+00	0.000000e+00
249	2.165405e+15	0.000000e+00	0.000000e+00	0.000000e+00
250	2.181689e+15	0.000000e+00	0.000000e+00	0.000000e+00
251	2.193549e+15	0.000000e+00	0.000000e+00	0.000000e+00
252	2.207781e+15	0.000000e+00	0.000000e+00	0.000000e+00
253	2.223508e+15	0.000000e+00	0.000000e+00	0.000000e+00
254	2.236264e+15	0.000000e+00	0.000000e+00	0.000000e+00
255	2.251571e+15	0.000000e+00	0.000000e+00	0.000000e+00
256	2.266583e+15	0.000000e+00	0.000000e+00	0.000000e+00
257	2.281561e+15	0.000000e+00	0.000000e+00	0.000000e+00
258	2.296152e+15	0.000000e+00	0.000000e+00	0.000000e+00
259	2.310610e+15	0.000000e+00	0.000000e+00	0.000000e+00
260	2.324654e+15	0.000000e+00	0.000000e+00	0.000000e+00
261	2.338526e+15	0.000000e+00	0.000000e+00	0.000000e+00
262	2.352225e+15	0.000000e+00	0.000000e+00	0.000000e+00
263	2.365476e+15	0.000000e+00	0.000000e+00	0.000000e+00
264	2.378973e+15	0.000000e+00	0.000000e+00	0.000000e+00
265	2.392219e+15	0.000000e+00	0.000000e+00	0.000000e+00
266	2.405257e+15	0.000000e+00	0.000000e+00	0.000000e+00
267	2.418202e+15	0.000000e+00	0.000000e+00	0.000000e+00
268	2.429851e+15	0.000000e+00	0.000000e+00	0.000000e+00
269	2.442393e+15	0.000000e+00	0.000000e+00	0.000000e+00
270	2.454903e+15	0.000000e+00	0.000000e+00	0.000000e+00
271	2.466484e+15	0.000000e+00	0.000000e+00	0.000000e+00
272	2.478482e+15	0.000000e+00	0.000000e+00	0.000000e+00
273	2.490470e+15	0.000000e+00	0.000000e+00	0.000000e+00
274	2.502350e+15	0.000000e+00	0.000000e+00	0.000000e+00
275	2.514026e+15	0.000000e+00	0.000000e+00	0.000000e+00
276	2.525106e+15	0.000000e+00	0.000000e+00	0.000000e+00
277	2.535732e+15	0.000000e+00	0.000000e+00	0.000000e+00
278	2.545951e+15	0.000000e+00	0.000000e+00	0.000000e+00
279	2.555884e+15	0.000000e+00	0.000000e+00	0.000000e+00
280	2.565627e+15	0.000000e+00	0.000000e+00	0.000000e+00
281	2.575282e+15	0.000000e+00	0.000000e+00	0.000000e+00
282	2.584950e+15	0.000000e+00	0.000000e+00	0.000000e+00
283	2.594528e+15	0.000000e+00	0.000000e+00	0.000000e+00
284	2.604155e+15	0.000000e+00	0.000000e+00	0.000000e+00
285	2.613932e+15	0.000000e+00	0.000000e+00	0.000000e+00
286	2.623746e+15	0.000000e+00	0.000000e+00	0.000000e+00
287	2.633478e+15	0.000000e+00	0.000000e+00	0.000000e+00
288	2.643127e+15	0.000000e+00	0.000000e+00	0.000000e+00
289	2.651872e+15	0.000000e+00	0.000000e+00	0.000000e+00
290	2.661297e+15	0.000000e+00	0.000000e+00	0.000000e+00
291	2.670699e+15	0.000000e+00	0.000000e+00	0.000000e+00
292	2.679924e+15	0.000000e+00	0.000000e+00	0.000000e+00
293	2.689144e+15	0.000000e+00	0.000000e+00	0.000000e+00
294	2.698302e+15	0.000000e+00	0.000000e+00	0.000000e+00
295	2.707357e+15	0.000000e+00	0.000000e+00	0.000000e+00
296	2.716457e+15	0.000000e+00	0.000000e+00	0.000000e+00
297	2.725524e+15	0.000000e+00	0.000000e+00	0.000000e+00
298	2.734559e+15	0.000000e+00	0.000000e+00	0.000000e+00
299	2.743624e+15	0.000000e+00	0.000000e+00	0.000000e+00
300	2.752658e+15	0.000000e+00	0.000000e+00	0.000000e+00
301	2.761737e+15	0.000000e+00	0.000000e+00	0.000000e+00
302	2.770813e+15	0.000000e+00	0.000000e+00	0.000000e+00
303	2.779928e+15	0.000000e+00	0.000000e+00	0.000000e+00
304	2.789111e+15	0.000000e+00	0.000000e+00	0.000000e+00
305	2.798373e+15	0.000000e+00	0.000000e+00	0.000000e+00
306	2.807828e+15	0.000000e+00	0.000000e+00	0.000000e+00
307	2.817232e+15	0.000000e+00	0.000000e+00	0.000000e+00
308	2.826479e+15	0.000000e+00	0.000000e+00	0.000000e+00
309	2.835561e+15	0.000000e+00	0.000000e+00	0.000000e+00
310	2.844603e+15	0.000000e+00	0.000000e+00	0.000000e+00
311	2.853523e+15	0.000000e+00	0.000000e+00	0.000000e+00
312	2.862348e+15	0.000000e+00	0.000000e+00	0.000000e+00
313	2.871161e+15	0.000000e+00	0.000000e+00	0.000000e+00
314	2.879923e+15	0.000000e+00	0.000000e+00	0.000000e+00
315	2.888576e+15	0.000000e+00	0.000000e+00	0.000000e+00
316	2.897256e+15	0.000000e+00	0.000000e+00	0.000000e+00
317	2.905933e+15	0.000000e+00	0.000000e+00	0.000000e+00
318	2.914566e+15	0.000000e+00	0.000000e+00	0.000000e+00
319	2.923313e+15	0.000000e+00	0.000000e+00	0.000000e+00
320	2.932077e+15	0.000000e+00	0.000000e+00	0.000000e+00
321	2.940894e+15	0.000000e+00	0.000000e+00	0.000000e+00
322	2.949818e+15	0.000000e+00	0.000000e+00	0.000000e+00
323	2.958833e+15	0.000000e+00	0.000000e+00	0.000000e+00
324	2.967925e+15	0.000000e+00	0.000000e+00	0.000000e+00
325	2.977142e+15	0.000000e+00	0.000000e+00	0.000000e+00
326	2.986388e+15	0.000000e+00	0.000000e+00	0.000000e+00
327	2.995500e+15	0.000000e+00	0.000000e+00	0.000000e+00
328	3.004650e+15	0.000000e+00	0.000000e+00	0.000000e+00
329	3.013677e+15	0.000000e+00	0.000000e+00	0.000000e+00
330	3.022630e+15	0.000000e+00	0.000000e+00	0.000000e+00
331	3.031644e+15	0.000000e+00	0.000000e+00	0.000000e+00
332	3.040593e+15	0.000000e+00	0.000000e+00	0.000000e+00
333	3.049597e+15	0.000000e+00	0.000000e+00	0.000000e+00
334	3.058612e+15	0.000000e+00	0.000000e+00	0.000000e+00
335	3.067633e+15	0.000000e+00	0.000000e+00	0.000000e+00
336	3.076703e+15	0.000000e+00	0.000000e+00	0.000000e+00
337	3.085779e+15	0.000000e+00	0.000000e+00	0.000000e+00
338	3.094981e+15	0.000000e+00	0.000000e+00	0.000000e+00
339	3.104314e+15	0.000000e+00	0.000000e+00	0.000000e+00
340	3.113669e+15	0.000000e+00	0.000000e+00	0.000000e+00
341	3.123198e+15	0.000000e+00	0.000000e+00	0.000000e+00
342	3.132822e+15	0.000000e+00	0.000000e+00	0.000000e+00
343	3.142534e+15	0.000000e+00	0.000000e+00	0.000000e+00
344	3.152507e+15	0.000000e+00	0.000000e+00	0.000000e+00
345	3.162523e+15	0.000000e+00	0.000000e+00	0.000000e+00
346	3.172631e+15	0.000000e+00	0.000000e+00	0.000000e+00
347	3.182703e+15	0.000000e+00	0.000000e+00	0.000000e+00
348	3.192696e+15	0.000000e+00	0.000000e+00	0.000000e+00
349	3.202802e+15	0.000000e+00	0.000000e+00	0.000000e+00
350	3.212891e+15	0.000000e+00	0.000000e+00	0.000000e+00
351	3.223048e+15	0.000000e+00	0.000000e+00	0.000000e+00
352	3.233269e+15	0.000000e+00	0.000000e+00	0.000000e+00
353	3.243702e+15	0.000000e+00	0.000000e+00	0.000000e+00
354	3.254185e+15	0.000000e+00	0.000000e+00	0.000000e+00
355	3.264553e+15	0.000000e+00	0.000000e+00	0.000000e+00
356	3.275202e+15	0.000000e+00	0.000000e+00	0.000000e+00
357	3.285975e+15	0.000000e+00	0.000000e+00	0.000000e+00
358	3.296337e+15	0.000000e+00	0.000000e+00	0.000000e+00
359	3.305628e+15	0.000000e+00	0.000000e+00	0.000000e+00
360	3.316738e+15	0.000000e+00	0.000000e+00	0.000000e+00
361	3.327405e+15	0.000000e+00	0.000000e+00	0.000000e+00
362	3.337243e+15	0.000000e+00	0.000000e+00	0.000000e+00
363	3.347590e+15	0.000000e+00	0.000000e+00	0.000000e+00
364	3.359293e+15	0.000000e+00	0.000000e+00	0.000000e+00
365	3.369686e+15	0.000000e+00	0.000000e+00	0.000000e+00
366	3.381741e+15	0.000000e+00	0.000000e+00	0.000000e+00
367	3.394012e+15	0.000000e+00	0.000000e+00	0.000000e+00
368	3.405661e+15	0.000000e+00	0.000000e+00	0.000000e+00
369	3.417779e+15	0.000000e+00	0.000000e+00	0.000000e+00
370	3.429515e+15	0.000000e+00	0.000000e+00	0.000000e+00
371	3.442549e+15	0.000000e+00	0.000000e+00	0.000000e+00
372	3.455657e+15	0.000000e+00	0.000000e+00	0.000000e+00
373	3.468489e+15	0.000000e+00	0.000000e+00	0.000000e+00
374	3.481081e+15	0.000000e+00	0.000000e+00	0.000000e+00
375	3.493419e+15	0.000000e+00	0.000000e+00	0.000000e+00
376	3.505532e+15	0.000000e+00	0.000000e+00	0.000000e+00
377	3.517328e+15	0.000000e+00	0.000000e+00	0.000000e+00
378	3.528758e+15	0.000000e+00	0.000000e+00	0.000000e+00
379	3.539910e+15	0.000000e+00	0.000000e+00	0.000000e+00
380	3.550770e+15	0.000000e+00	0.000000e+00	0.000000e+00
381	3.561422e+15	0.000000e+00	0.000000e+00	0.000000e+00
382	3.571758e+15	0.000000e+00	0.000000e+00	0.000000e+00
383	3.581822e+15	0.000000e+00	0.000000e+00	0.000000e+00
384	3.591714e+15	0.000000e+00	0.000000e+00	0.000000e+00
385	3.601407e+15	0.000000e+00	0.000000e+00	0.000000e+00
386	3.610825e+15	0.000000e+00	0.000000e+00	0.000000e+00
387	3.620033e+15	0.000000e+00	0.000000e+00	0.000000e+00
388	3.629037e+15	0.000000e+00	0.000000e+00	0.000000e+00
389	3.637873e+15	0.000000e+00	0.000000e+00	0.000000e+00
390	3.646594e+15	0.000000e+00	0.000000e+00	0.000000e+00
391	3.655247e+15	0.000000e+00	0.000000e+00	0.000000e+00
392	3.663848e+15	0.000000e+00	0.000000e+00	0.000000e+00
393	3.672429e+15	0.000000e+00	0.000000e+00	0.000000e+00
394	3.680933e+15	0.000000e+00	0.000000e+00	0.000000e+00
395	3.689409e+15	0.000000e+00	0.000000e+00	0.000000e+00
396	3.697882e+15	0.000000e+00	0.000000e+00	0.000000e+00
397	3.706383e+15	0.000000e+00	0.000000e+00	0.000000e+00
398	3.714912e+15	0.000000e+00	0.000000e+00	0.000000e+00
399	3.723457e+15	0.000000e+00	0.000000e+00	0.000000e+00
400	3.731976e+15	0.000000e+00	0.000000e+00	0.000000e+00
401	3.740504e+15	0.000000e+00	0.000000e+00	0.000000e+00
402	3.749052e+15	0.000000e+00	0.000000e+00	0.000000e+00
403	3.757682e+15	0.000000e+00	0.000000e+00	0.000000e+00
404	3.766346e+15	0.000000e+00	0.000000e+00	0.000000e+00
405	3.775098e+15	0.000000e+00	0.000000e+00	0.000000e+00
406	3.783990e+15	0.000000e+00	0.000000e+00	0.000000e+00
407	3.793029e+15	0.000000e+00	0.000000e+00	0.000000e+00
408	3.802085e+15	0.000000e+00	0.000000e+00	0.000000e+00
409	3.811143e+15	0.000000e+00	0.000000e+00	0.000000e+00
410	3.820270e+15	0.000000e+00	0.000000e+00	0.000000e+00
411	3.829492e+15	0.000000e+00	0.000000e+00	0.000000e+00
412	3.838771e+15	0.000000e+00	0.000000e+00	0.000000e+00
413	3.848081e+15	0.000000e+00	0.000000e+00	0.000000e+00
414	3.857395e+15	0.000000e+00	0.000000e+00	0.000000e+00
415	3.866682e+15	0.000000e+00	0.000000e+00	0.000000e+00
416	3.876008e+15	0.000000e+00	0.000000e+00	0.000000e+00
417	3.885344e+15	0.000000e+00	0.000000e+00	0.000000e+00
418	3.894681e+15	0.000000e+00	0.000000e+00	0.000000e+00
419	3.904068e+15	0.000000e+00	0.000000e+00	0.000000e+00
420	3.913594e+15	0.000000e+00	0.000000e+00	0.000000e+00
421	3.923202e+15	0.000000e+00	0.000000e+00	0.000000e+00
422	3.932840e+15	0.000000e+00	0.000000e+00	0.000000e+00
423	3.942479e+15	0.000000e+00	0.000000e+00	0.000000e+00
424	3.952095e+15	0.000000e+00	0.000000e+00	0.000000e+00
425	3.961731e+15	0.000000e+00	0.000000e+00	0.000000e+00
426	3.971466e+15	0.000000e+00	0.000000e+00	0.000000e+00
427	3.981344e+15	0.000000e+00	0.000000e+00	0.000000e+00
428	3.991270e+15	0.000000e+00	0.000000e+00	0.000000e+00
429	4.001222e+15	0.000000e+00	0.000000e+00	0.000000e+00
430	4.011265e+15	0.000000e+00	0.000000e+00	0.000000e+00
431	4.021442e+15	0.000000e+00	0.000000e+00	0.000000e+00
432	4.031716e+15	0.000000e+00	0.000000e+00	0.000000e+00
433	4.042063e+15	0.000000e+00	0.000000e+00	0.000000e+00
434	4.052418e+15	0.000000e+00	0.000000e+00	0.000000e+00
435	4.062784e+15	0.000000e+00	0.000000e+00	0.000000e+00
436	4.073268e+15	0.000000e+00	0.000000e+00	0.000000e+00
437	4.083826e+15	0.000000e+00	0.000000e+00	0.000000e+00
438	4.094474e+15	0.000000e+00	0.000000e+00	0.000000e+00
439	4.105210e+15	0.000000e+00	0.000000e+00	0.000000e+00
440	4.115910e+15	0.000000e+00	0.000000e+00	0.000000e+00
441	4.126559e+15	0.000000e+00	0.000000e+00	0.000000e+00
442	4.137291e+15	0.000000e+00	0.000000e+00	0.000000e+00
443	4.148104e+15	0.000000e+00	0.000000e+00	0.000000e+00
444	4.158998e+15	0.000000e+00	0.000000e+00	0.000000e+00
445	4.170070e+15	0.000000e+00	0.000000e+00	0.000000e+00
446	4.181324e+15	0.000000e+00	0.000000e+00	0.000000e+00
447	4.192706e+15	0.000000e+00	0.000000e+00	0.000000e+00
448	4.204176e+15	0.000000e+00	0.000000e+00	0.000000e+00
449	4.215689e+15	0.000000e+00	0.000000e+00	0.000000e+00
450	4.227223e+15	0.000000e+00	0.000000e+00	0.000000e+00
451	4.238789e+15	0.000000e+00	0.000000e+00	0.000000e+00
452	4.250334e+15	0.000000e+00	0.000000e+00	0.000000e+00
453	4.261911e+15	0.000000e+00	0.000000e+00	0.000000e+00
454	4.273640e+15	0.000000e+00	0.000000e+00	0.000000e+00
455	4.285530e+15	0.000000e+00	0.000000e+00	0.000000e+00
456	4.297370e+15	0.000000e+00	0.000000e+00	0.000000e+00
457	4.309069e+15	0.000000e+00	0.000000e+00	0.000000e+00
458	4.320843e+15	0.000000e+00	0.000000e+00	0.000000e+00
459	4.332637e+15	0.000000e+00	0.000000e+00	0.000000e+00
460	4.344470e+15	0.000000e+00	0.000000e+00	0.000000e+00
461	4.356307e+15	0.000000e+00	0.000000e+00	0.000000e+00
462	4.368107e+15	0.000000e+00	0.000000e+00	0.000000e+00
463	4.379843e+15	0.000000e+00	0.000000e+00	0.000000e+00
464	4.391666e+15	0.000000e+00	0.000000e+00	0.000000e+00
465	4.403497e+15	0.000000e+00	0.000000e+00	0.000000e+00
466	4.415357e+15	0.000000e+00	0.000000e+00	0.000000e+00
467	4.427247e+15	0.000000e+00	0.000000e+00	0.000000e+00
468	4.439150e+15	0.000000e+00	0.000000e+00	0.000000e+00
469	4.451179e+15	0.000000e+00	0.000000e+00	0.000000e+00
470	4.463250e+15	0.000000e+00	0.000000e+00	0.000000e+00
471	4.475469e+15	0.000000e+00	0.000000e+00	0.000000e+00
472	4.487869e+15	0.000000e+00	0.000000e+00	0.000000e+00
473	4.500357e+15	0.000000e+00	0.000000e+00	0.000000e+00
474	4.512964e+15	0.000000e+00	0.000000e+00	0.000000e+00
475	4.525905e+15	0.000000e+00	0.000000e+00	0.000000e+00
476	4.539127e+15	0.000000e+00	0.000000e+00	0.000000e+00
477	4.552510e+15	0.000000e+00	0.000000e+00	0.000000e+00
478	4.566150e+15	0.000000e+00	0.000000e+00	0.000000e+00
479	4.580137e+15	0.000000e+00	0.000000e+00	0.000000e+00
480	4.594386e+15	0.000000e+00	0.000000e+00	0.000000e+00
481	4.607060e+15	0.000000e+00	0.000000e+00	0.000000e+00
482	4.621681e+15	0.000000e+00	0.000000e+00	0.000000e+00
483	4.636540e+15	0.000000e+00	0.000000e+00	0.000000e+00
484	4.651863e+15	0.000000e+00	0.000000e+00	0.000000e+00
485	4.667421e+15	0.000000e+00	0.000000e+00	0.000000e+00
486	4.682450e+15	0.000000e+00	0.000000e+00	0.000000e+00
487	4.698328e+15	0.000000e+00	0.000000e+00	0.000000e+00
488	4.714256e+15	0.000000e+00	0.000000e+00	0.000000e+00
489	4.730410e+15	0.000000e+00	0.000000e+00	0.000000e+00
490	4.746922e+15	0.000000e+00	0.000000e+00	0.000000e+00
491	4.760077e+15	0.000000e+00	0.000000e+00	0.000000e+00
492	4.771530e+15	0.000000e+00	0.000000e+00	0.000000e+00
493	4.783320e+15	0.000000e+00	0.000000e+00	0.000000e+00
494	4.795782e+15	0.000000e+00	0.000000e+00	0.000000e+00
495	4.808009e+15	0.000000e+00	0.000000e+00	0.000000e+00
496	4.821108e+15	0.000000e+00	0.000000e+00	0.000000e+00
497	4.833710e+15	0.000000e+00	0.000000e+00	0.000000e+00
498	4.845832e+15	0.000000e+00	0.000000e+00	0.000000e+00
499	4.857539e+15	0.000000e+00	0.000000e+00	0.000000e+00
500	4.868686e+15	0.000000e+00	0.000000e+00	0.000000e+00
501	4.879267e+15	0.000000e+00	0.000000e+00	0.000000e+00
502	4.889356e+15	0.000000e+00	0.000000e+00	0.000000e+00
503	4.899096e+15	0.000000e+00	0.000000e+00	0.000000e+00
504	4.908694e+15	0.000000e+00	0.000000e+00	0.000000e+00
505	4.918010e+15	0.000000e+00	0.000000e+00	0.000000e+00
506	4.927103e+15	0.000000e+00	0.000000e+00	0.000000e+00
507	4.936156e+15	0.000000e+00	0.000000e+00	0.000000e+00
508	4.945209e+15	0.000000e+00	0.000000e+00	0.000000e+00
509	4.954195e+15	0.000000e+00	0.000000e+00	0.000000e+00
510	4.963138e+15	0.000000e+00	0.000000e+00	0.000000e+00
511	4.972083e+15	0.000000e+00	0.000000e+00	0.000000e+00
512	4.981068e+15	0.000000e+00	0.000000e+00	0.000000e+00
513	4.990009e+15	0.000000e+00	0.000000e+00	0.000000e+00
514	4.998943e+15	0.000000e+00	0.000000e+00	0.000000e+00
515	5.007924e+15	0.000000e+00	0.000000e+00	0.000000e+00
516	5.016956e+15	0.000000e+00	0.000000e+00	0.000000e+00
517	5.026029e+15	0.000000e+00	0.000000e+00	0.000000e+00
518	5.035138e+15	0.000000e+00	0.000000e+00	0.000000e+00
519	5.044248e+15	0.000000e+00	0.000000e+00	0.000000e+00
520	5.053414e+15	0.000000e+00	0.000000e+00	0.000000e+00
521	5.062626e+15	0.000000e+00	0.000000e+00	0.000000e+00
522	5.071850e+15	0.000000e+00	0.000000e+00	0.000000e+00
523	5.081128e+15	0.000000e+00	0.000000e+00	0.000000e+00
524	5.090529e+15	0.000000e+00	0.000000e+00	0.000000e+00
525	5.100017e+15	0.000000e+00	0.000000e+00	0.000000e+00
526	5.109640e+15	0.000000e+00	0.000000e+00	0.000000e+00
527	5.119493e+15	0.000000e+00	0.000000e+00	0.000000e+00
528	5.129567e+15	0.000000e+00	0.000000e+00	0.000000e+00
529	5.139928e+15	0.000000e+00	0.000000e+00	0.000000e+00
530	5.150585e+15	0.000000e+00	0.000000e+00	0.000000e+00
531	5.161578e+15	0.000000e+00	0.000000e+00	0.000000e+00
532	5.172808e+15	0.000000e+00	0.000000e+00	0.000000e+00
533	5.184448e+15	0.000000e+00	0.000000e+00	0.000000e+00
534	5.196220e+15	0.000000e+00	0.000000e+00	0.000000e+00
535	5.208351e+15	0.000000e+00	0.000000e+00	0.000000e+00
536	5.220555e+15	0.000000e+00	0.000000e+00	0.000000e+00
537	5.232971e+15	0.000000e+00	0.000000e+00	0.000000e+00
538	5.245581e+15	0.000000e+00	0.000000e+00	0.000000e+00
539	5.258169e+15	0.000000e+00	0.000000e+00	0.000000e+00
540	5.270746e+15	0.000000e+00	0.000000e+00	0.000000e+00
541	5.283158e+15	0.000000e+00	0.000000e+00	0.000000e+00
542	5.295426e+15	0.000000e+00	0.000000e+00	0.000000e+00
543	5.307689e+15	0.000000e+00	0.000000e+00	0.000000e+00
544	5.319817e+15	0.000000e+00	0.000000e+00	0.000000e+00
545	5.332101e+15	0.000000e+00	0.000000e+00	0.000000e+00
546	5.344221e+15	0.000000e+00	0.000000e+00	0.000000e+00
547	5.356118e+15	0.000000e+00	0.000000e+00	0.000000e+00
548	5.367939e+15	0.000000e+00	0.000000e+00	0.000000e+00
549	5.379736e+15	0.000000e+00	0.000000e+00	0.000000e+00
550	5.391571e+15	0.000000e+00	0.000000e+00	0.000000e+00
551	5.403500e+15	0.000000e+00	0.000000e+00	0.000000e+00
552	5.415782e+15	0.000000e+00	0.000000e+00	0.000000e+00
553	5.428598e+15	0.000000e+00	0.000000e+00	0.000000e+00
554	5.441761e+15	0.000000e+00	0.000000e+00	0.000000e+00
555	5.455121e+15	0.000000e+00	0.000000e+00	0.000000e+00
556	5.468741e+15	0.000000e+00	0.000000e+00	0.000000e+00
557	5.482398e+15	0.000000e+00	0.000000e+00	0.000000e+00
558	5.496000e+15	0.000000e+00	0.000000e+00	0.000000e+00
559	5.509690e+15	0.000000e+00	0.000000e+00	0.000000e+00
560	5.523752e+15	0.000000e+00	0.000000e+00	0.000000e+00
561	5.537945e+15	0.000000e+00	0.000000e+00	0.000000e+00
562	5.552298e+15	0.000000e+00	0.000000e+00	0.000000e+00
563	5.567086e+15	0.000000e+00	0.000000e+00	0.000000e+00
564	5.581688e+15	0.000000e+00	0.000000e+00	0.000000e+00
565	5.597079e+15	0.000000e+00	0.000000e+00	0.000000e+00
566	5.612232e+15	0.000000e+00	0.000000e+00	0.000000e+00
567	5.627574e+15	0.000000e+00	0.000000e+00	0.000000e+00
568	5.642683e+15	0.000000e+00	0.000000e+00	0.000000e+00
569	5.658307e+15	0.000000e+00	0.000000e+00	0.000000e+00
570	5.674050e+15	0.000000e+00	0.000000e+00	0.000000e+00
571	5.689792e+15	0.000000e+00	0.000000e+00	0.000000e+00
572	5.705661e+15	0.000000e+00	0.000000e+00	0.000000e+00
573	5.721643e+15	0.000000e+00	0.000000e+00	0.000000e+00
574	5.737420e+15	0.000000e+00	0.000000e+00	0.000000e+00
575	5.753600e+15	0.000000e+00	0.000000e+00	0.000000e+00
576	5.769668e+15	0.000000e+00	0.000000e+00	0.000000e+00
577	5.785797e+15	0.000000e+00	0.000000e+00	0.000000e+00
578	5.802321e+15	0.000000e+00	0.000000e+00	0.000000e+00
579	5.818921e+15	0.000000e+00	0.000000e+00	0.000000e+00
580	5.835538e+15	0.000000e+00	0.000000e+00	0.000000e+00
581	5.851170e+15	0.000000e+00	0.000000e+00	0.000000e+00
582	5.866292e+15	0.000000e+00	0.000000e+00	0.000000e+00
583	5.881342e+15	0.000000e+00	0.000000e+00	0.000000e+00
584	5.896573e+15	0.000000e+00	0.000000e+00	0.000000e+00
585	5.911559e+15	0.000000e+00	0.000000e+00	0.000000e+00
586	5.926091e+15	0.000000e+00	0.000000e+00	0.000000e+00
587	5.940551e+15	0.000000e+00	0.000000e+00	0.000000e+00
588	5.954729e+15	0.000000e+00	0.000000e+00	0.000000e+00
589	5.968931e+15	0.000000e+00	0.000000e+00	0.000000e+00
590	5.983069e+15	0.000000e+00	0.000000e+00	0.000000e+00
591	5.997020e+15	0.000000e+00	0.000000e+00	0.000000e+00
592	6.011150e+15	0.000000e+00	0.000000e+00	0.000000e+00
593	6.025493e+15	0.000000e+00	0.000000e+00	0.000000e+00
594	6.040204e+15	0.000000e+00	0.000000e+00	0.000000e+00
595	6.055298e+15	0.000000e+00	0.000000e+00	0.000000e+00
596	6.070761e+15	0.000000e+00	0.000000e+00	0.000000e+00
597	6.086748e+15	0.000000e+00	0.000000e+00	0.000000e+00
598	6.102843e+15	0.000000e+00	0.000000e+00	0.000000e+00
599	6.118918e+15	0.000000e+00	0.000000e+00	0.000000e+00
600	6.135399e+15	0.000000e+00	0.000000e+00	0.000000e+00
601	6.152229e+15	0.000000e+00	0.000000e+00	0.000000e+00
602	6.169391e+15	0.000000e+00	0.000000e+00	0.000000e+00
603	6.186644e+15	0.000000e+00	0.000000e+00	0.000000e+00
604	6.204065e+15	0.000000e+00	0.000000e+00	0.000000e+00
605	6.221724e+15	0.000000e+00	0.000000e+00	0.000000e+00
606	6.239664e+15	0.000000e+00	0.000000e+00	0.000000e+00
607	6.257844e+15	0.000000e+00	0.000000e+00	0.000000e+00
608	6.275786e+15	0.000000e+00	0.000000e+00	0.000000e+00
609	6.294269e+15	0.000000e+00	0.000000e+00	0.000000e+00
610	6.312488e+15	0.000000e+00	0.000000e+00	0.000000e+00
611	6.331639e+15	0.000000e+00	0.000000e+00	0.000000e+00
612	6.350992e+15	0.000000e+00	0.000000e+00	0.000000e+00
613	6.370434e+15	0.000000e+00	0.000000e+00	0.000000e+00
614	6.390460e+15	0.000000e+00	0.000000e+00	0.000000e+00
615	6.409980e+15	0.000000e+00	0.000000e+00	0.000000e+00
616	6.429441e+15	0.000000e+00	0.000000e+00	0.000000e+00
617	6.449151e+15	0.000000e+00	0.000000e+00	0.000000e+00
618	6.469225e+15	0.000000e+00	0.000000e+00	0.000000e+00
619	6.489039e+15	0.000000e+00	0.000000e+00	0.000000e+00
620	6.508611e+15	0.000000e+00	0.000000e+00	0.000000e+00
621	6.527927e+15	0.000000e+00	0.000000e+00	0.000000e+00
622	6.547006e+15	0.000000e+00	0.000000e+00	0.000000e+00
623	6.565849e+15	0.000000e+00	0.000000e+00	0.000000e+00
624	6.584465e+15	0.000000e+00	0.000000e+00	0.000000e+00
625	6.602862e+15	0.000000e+00	0.000000e+00	0.000000e+00
626	6.621046e+15	0.000000e+00	0.000000e+00	0.000000e+00
627	6.639031e+15	0.000000e+00	0.000000e+00	0.000000e+00
628	6.656824e+15	0.000000e+00	0.000000e+00	0.000000e+00
629	6.674425e+15	0.000000e+00	0.000000e+00	0.000000e+00
630	6.691831e+15	0.000000e+00	0.000000e+00	0.000000e+00
631	6.709041e+15	0.000000e+00	0.000000e+00	0.000000e+00
632	6.726056e+15	0.000000e+00	0.000000e+00	0.000000e+00
633	6.742899e+15	0.000000e+00	0.000000e+00	0.000000e+00
634	6.759568e+15	0.000000e+00	0.000000e+00	0.000000e+00
635	6.776081e+15	0.000000e+00	0.000000e+00	0.000000e+00
636	6.792440e+15	0.000000e+00	0.000000e+00	0.000000e+00
637	6.808649e+15	0.000000e+00	0.000000e+00	0.000000e+00
638	6.824700e+15	0.000000e+00	0.000000e+00	0.000000e+00
639	6.840594e+15	0.000000e+00	0.000000e+00	0.000000e+00
640	6.856333e+15	0.000000e+00	0.000000e+00	0.000000e+00
641	6.871930e+15	0.000000e+00	0.000000e+00	0.000000e+00
642	6.887378e+15	0.000000e+00	0.000000e+00	0.000000e+00
643	6.902696e+15	0.000000e+00	0.000000e+00	0.000000e+00
644	6.917872e+15	0.000000e+00	0.000000e+00	0.000000e+00
645	6.932921e+15	0.000000e+00	0.000000e+00	0.000000e+00
646	6.947839e+15	0.000000e+00	0.000000e+00	0.000000e+00
647	6.962627e+15	0.000000e+00	0.000000e+00	0.000000e+00
648	6.977291e+15	0.000000e+00	0.000000e+00	0.000000e+00
649	6.991828e+15	0.000000e+00	0.000000e+00	0.000000e+00
650	7.006232e+15	0.000000e+00	0.000000e+00	0.000000e+00
651	7.020525e+15	0.000000e+00	0.000000e+00	0.000000e+00
652	7.034694e+15	0.000000e+00	0.000000e+00	0.000000e+00
653	7.048755e+15	0.000000e+00	0.000000e+00	0.000000e+00
654	7.062703e+15	0.000000e+00	0.000000e+00	0.000000e+00
655	7.076544e+15	0.000000e+00	0.000000e+00	0.000000e+00
656	7.090285e+15	0.000000e+00	0.000000e+00	0.000000e+00
657	7.103916e+15	0.000000e+00	0.000000e+00	0.000000e+00
658	7.117451e+15	0.000000e+00	0.000000e+00	0.000000e+00
659	7.130880e+15	0.000000e+00	0.000000e+00	0.000000e+00
660	7.144212e+15	0.000000e+00	0.000000e+00	0.000000e+00
661	7.157451e+15	0.000000e+00	0.000000e+00	0.000000e+00
662	7.170588e+15	0.000000e+00	0.000000e+00	0.000000e+00
663	7.183633e+15	0.000000e+00	0.000000e+00	0.000000e+00
664	7.196578e+15	0.000000e+00	0.000000e+00	0.000000e+00
665	7.209443e+15	0.000000e+00	0.000000e+00	0.000000e+00
666	7.222216e+15	0.000000e+00	0.000000e+00	0.000000e+00
667	7.234902e+15	0.000000e+00	0.000000e+00	0.000000e+00
668	7.247502e+15	0.000000e+00	0.000000e+00	0.000000e+00
669	7.260017e+15	0.000000e+00	0.000000e+00	0.000000e+00
670	7.272440e+15	0.000000e+00	0.000000e+00	0.000000e+00
671	7.284780e+15	0.000000e+00	0.000000e+00	0.000000e+00
672	7.297031e+15	0.000000e+00	0.000000e+00	0.000000e+00
673	7.309206e+15	0.000000e+00	0.000000e+00	0.000000e+00
674	7.321292e+15	0.000000e+00	0.000000e+00	0.000000e+00
675	7.333303e+15	0.000000e+00	0.000000e+00	0.000000e+00
676	7.345237e+15	0.000000e+00	0.000000e+00	0.000000e+00
677	7.357099e+15	0.000000e+00	0.000000e+00	0.000000e+00
678	7.368885e+15	0.000000e+00	0.000000e+00	0.000000e+00
679	7.380607e+15	0.000000e+00	0.000000e+00	0.000000e+00
680	7.392247e+15	0.000000e+00	0.000000e+00	0.000000e+00
681	7.403829e+15	0.000000e+00	0.000000e+00	0.000000e+00
682	7.415331e+15	0.000000e+00	0.000000e+00	0.000000e+00
683	7.426781e+15	0.000000e+00	0.000000e+00	0.000000e+00
684	7.438158e+15	0.000000e+00	0.000000e+00	0.000000e+00
685	7.449485e+15	0.000000e+00	0.000000e+00	0.000000e+00
686	7.460741e+15	0.000000e+00	0.000000e+00	0.000000e+00
687	7.471940e+15	0.000000e+00	0.000000e+00	0.000000e+00
688	7.483078e+15	0.000000e+00	0.000000e+00	0.000000e+00
689	7.494155e+15	0.000000e+00	0.000000e+00	0.000000e+00
690	7.505166e+15	0.000000e+00	0.000000e+00	0.000000e+00
691	7.516116e+15	0.000000e+00	0.000000e+00	0.000000e+00
692	7.527008e+15	0.000000e+00	0.000000e+00	0.000000e+00
693	7.537838e+15	0.000000e+00	0.000000e+00	0.000000e+00
694	7.548618e+15	0.000000e+00	0.000000e+00	0.000000e+00
695	7.559328e+15	0.000000e+00	0.000000e+00	0.000000e+00
696	7.569996e+15	0.000000e+00	0.000000e+00	0.000000e+00
697	7.580595e+15	0.000000e+00	0.000000e+00	0.000000e+00
698	7.591155e+15	0.000000e+00	0.000000e+00	0.000000e+00
699	7.601643e+15	0.000000e+00	0.000000e+00	0.000000e+00
700	7.612093e+15	0.000000e+00	0.000000e+00	0.000000e+00
701	7.622487e+15	0.000000e+00	0.000000e+00	0.000000e+00
702	7.632834e+15	0.000000e+00	0.000000e+00	0.000000e+00
703	7.643134e+15	0.000000e+00	0.000000e+00	0.000000e+00
704	7.653387e+15	0.000000e+00	0.000000e+00	0.000000e+00
705	7.663595e+15	0.000000e+00	0.000000e+00	0.000000e+00
706	7.673749e+15	0.000000e+00	0.000000e+00	0.000000e+00
707	7.683858e+15	0.000000e+00	0.000000e+00	0.000000e+00
708	7.693925e+15	0.000000e+00	0.000000e+00	0.000000e+00
709	7.703942e+15	0.000000e+00	0.000000e+00	0.000000e+00
710	7.713915e+15	0.000000e+00	0.000000e+00	0.000000e+00
711	7.723840e+15	0.000000e+00	0.000000e+00	0.000000e+00
712	7.733717e+15	0.000000e+00	0.000000e+00	0.000000e+00
713	7.743553e+15	0.000000e+00	0.000000e+00	0.000000e+00
714	7.753337e+15	0.000000e+00	0.000000e+00	0.000000e+00
715	7.763073e+15	0.000000e+00	0.000000e+00	0.000000e+00
716	7.772769e+15	0.000000e+00	0.000000e+00	0.000000e+00
717	7.782422e+15	0.000000e+00	0.000000e+00	0.000000e+00
718	7.792030e+15	0.000000e+00	0.000000e+00	0.000000e+00
719	7.801600e+15	0.000000e+00	0.000000e+00	0.000000e+00
720	7.811125e+15	0.000000e+00	0.000000e+00	0.000000e+00
721	7.820614e+15	0.000000e+00	0.000000e+00	0.000000e+00
722	7.830061e+15	0.000000e+00	0.000000e+00	0.000000e+00
723	7.839474e+15	0.000000e+00	0.000000e+00	0.000000e+00
724	7.848852e+15	0.000000e+00	0.000000e+00	0.000000e+00
725	7.858195e+15	0.000000e+00	0.000000e+00	0.000000e+00
726	7.867492e+15	0.000000e+00	0.000000e+00	0.000000e+00
727	7.876755e+15	0.000000e+00	0.000000e+00	0.000000e+00
728	7.885975e+15	0.000000e+00	0.000000e+00	0.000000e+00
729	7.895157e+15	0.000000e+00	0.000000e+00	0.000000e+00
730	7.904299e+15	0.000000e+00	0.000000e+00	0.000000e+00
731	7.913403e+15	0.000000e+00	0.000000e+00	0.000000e+00
732	7.922472e+15	0.000000e+00	0.000000e+00	0.000000e+00
733	7.931505e+15	0.000000e+00	0.000000e+00	0.000000e+00
734	7.940509e+15	0.000000e+00	0.000000e+00	0.000000e+00
735	7.949469e+15	0.000000e+00	0.000000e+00	0.000000e+00
736	7.958401e+15	0.000000e+00	0.000000e+00	0.000000e+00
737	7.967298e+15	0.000000e+00	0.000000e+00	0.000000e+00
738	7.976166e+15	0.000000e+00	0.000000e+00	0.000000e+00
739	7.985006e+15	0.000000e+00	0.000000e+00	0.000000e+00
740	7.993814e+15	0.000000e+00	0.000000e+00	0.000000e+00
741	8.002585e+15	0.000000e+00	0.000000e+00	0.000000e+00
742	8.011325e+15	0.000000e+00	0.000000e+00	0.000000e+00
743	8.020036e+15	0.000000e+00	0.000000e+00	0.000000e+00
744	8.028720e+15	0.000000e+00	0.000000e+00	0.000000e+00
745	8.037378e+15	0.000000e+00	0.000000e+00	0.000000e+00
746	8.046012e+15	0.000000e+00	0.000000e+00	0.000000e+00
747	8.054622e+15	0.000000e+00	0.000000e+00	0.000000e+00
748	8.063206e+15	0.000000e+00	0.000000e+00	0.000000e+00
749	8.071766e+15	0.000000e+00	0.000000e+00	0.000000e+00
750	8.080294e+15	0.000000e+00	0.000000e+00	0.000000e+00
751	8.088796e+15	0.000000e+00	0.000000e+00	0.000000e+00
752	8.097265e+15	0.000000e+00	0.000000e+00	0.000000e+00
753	8.105709e+15	0.000000e+00	0.000000e+00	0.000000e+00
754	8.114122e+15	0.000000e+00	0.000000e+00	0.000000e+00
755	8.122511e+15	0.000000e+00	0.000000e+00	0.000000e+00
756	8.130865e+15	0.000000e+00	0.000000e+00	0.000000e+00
757	8.139196e+15	0.000000e+00	0.000000e+00	0.000000e+00
758	8.147496e+15	0.000000e+00	0.000000e+00	0.000000e+00
759	8.155775e+15	0.000000e+00	0.000000e+00	0.000000e+00
760	8.164024e+15	0.000000e+00	0.000000e+00	0.000000e+00
761	8.172249e+15	0.000000e+00	0.000000e+00	0.000000e+00
762	8.180451e+15	0.000000e+00	0.000000e+00	0.000000e+00
763	8.188629e+15	0.000000e+00	0.000000e+00	0.000000e+00
764	8.196783e+15	0.000000e+00	0.000000e+00	0.000000e+00
765	8.204902e+15	0.000000e+00	0.000000e+00	0.000000e+00
766	8.212990e+15	0.000000e+00	0.000000e+00	0.000000e+00
767	8.221048e+15	0.000000e+00	0.000000e+00	0.000000e+00
768	8.229086e+15	0.000000e+00	0.000000e+00	0.000000e+00
769	8.237093e+15	0.000000e+00	0.000000e+00	0.000000e+00
770	8.245081e+15	0.000000e+00	0.000000e+00	0.000000e+00
771	8.253040e+15	0.000000e+00	0.000000e+00	0.000000e+00
772	8.260982e+15	0.000000e+00	0.000000e+00	0.000000e+00
773	8.268902e+15	0.000000e+00	0.000000e+00	0.000000e+00
774	8.276805e+15	0.000000e+00	0.000000e+00	0.000000e+00
775	8.284683e+15	0.000000e+00	0.000000e+00	0.000000e+00
776	8.292540e+15	0.000000e+00	0.000000e+00	0.000000e+00
777	8.300375e+15	0.000000e+00	0.000000e+00	0.000000e+00
778	8.308187e+15	0.000000e+00	0.000000e+00	0.000000e+00
779	8.315980e+15	0.000000e+00	0.000000e+00	0.000000e+00
780	8.323746e+15	0.000000e+00	0.000000e+00	0.000000e+00
781	8.331489e+15	0.000000e+00	0.000000e+00	0.000000e+00
782	8.339204e+15	0.000000e+00	0.000000e+00	0.000000e+00
783	8.346894e+15	0.000000e+00	0.000000e+00	0.000000e+00
784	8.354558e+15	0.000000e+00	0.000000e+00	0.000000e+00
785	8.362193e+15	0.000000e+00	0.000000e+00	0.000000e+00
786	8.369800e+15	0.000000e+00	0.000000e+00	0.000000e+00
787	8.377383e+15	0.000000e+00	0.000000e+00	0.000000e+00
788	8.384942e+15	0.000000e+00	0.000000e+00	0.000000e+00
789	8.392470e+15	0.000000e+00	0.000000e+00	0.000000e+00
790	8.399968e+15	0.000000e+00	0.000000e+00	0.000000e+00
791	8.407438e+15	0.000000e+00	0.000000e+00	0.000000e+00
792	8.414871e+15	0.000000e+00	0.000000e+00	0.000000e+00
793	8.422282e+15	0.000000e+00	0.000000e+00	0.000000e+00
794	8.429671e+15	0.000000e+00	0.000000e+00	0.000000e+00
795	8.437038e+15	0.000000e+00	0.000000e+00	0.000000e+00
796	8.444379e+15	0.000000e+00	0.000000e+00	0.000000e+00
797	8.451703e+15	0.000000e+00	0.000000e+00	0.000000e+00
798	8.459003e+15	0.000000e+00	0.000000e+00	0.000000e+00
799	8.466288e+15	0.000000e+00	0.000000e+00	0.000000e+00
800	8.473546e+15	0.000000e+00	0.000000e+00	0.000000e+00
801	8.480787e+15	0.000000e+00	0.000000e+00	0.000000e+00
802	8.487986e+15	0.000000e+00	0.000000e+00	0.000000e+00
803	8.495169e+15	0.000000e+00	0.000000e+00	0.000000e+00
804	8.502317e+15	0.000000e+00	0.000000e+00	0.000000e+00
805	8.509444e+15	0.000000e+00	0.000000e+00	0.000000e+00
806	8.516537e+15	0.000000e+00	0.000000e+00	0.000000e+00
807	8.523594e+15	0.000000e+00	0.000000e+00	0.000000e+00
808	8.530620e+15	0.000000e+00	0.000000e+00	0.000000e+00
809	8.537625e+15	0.000000e+00	0.000000e+00	0.000000e+00
810	8.544606e+15	0.000000e+00	0.000000e+00	0.000000e+00
811	8.551561e+15	0.000000e+00	0.000000e+00	0.000000e+00
812	8.558492e+15	0.000000e+00	0.000000e+00	0.000000e+00
813	8.565394e+15	0.000000e+00	0.000000e+00	0.000000e+00
814	8.572255e+15	0.000000e+00	0.000000e+00	0.000000e+00
815	8.579074e+15	0.000000e+00	0.000000e+00	0.000000e+00
816	8.585857e+15	0.000000e+00	0.000000e+00	0.000000e+00
817	8.592606e+15	0.000000e+00	0.000000e+00	0.000000e+00
818	8.599324e+15	0.000000e+00	0.000000e+00	0.000000e+00
819	8.605991e+15	0.000000e+00	0.000000e+00	0.000000e+00
820	8.612610e+15	0.000000e+00	0.000000e+00	0.000000e+00
821	8.619175e+15	0.000000e+00	0.000000e+00	0.000000e+00
822	8.625676e+15	0.000000e+00	0.000000e+00	0.000000e+00
823	8.632093e+15	0.000000e+00	0.000000e+00	0.000000e+00
824	8.638437e+15	0.000000e+00	0.000000e+00	0.000000e+00
825	8.644684e+15	0.000000e+00	0.000000e+00	0.000000e+00
826	8.650825e+15	0.000000e+00	0.000000e+00	0.000000e+00
827	8.653471e+15	0.000000e+00	0.000000e+00	0.000000e+00
828	8.656645e+15	0.000000e+00	0.000000e+00	0.000000e+00
829	8.659767e+15	0.000000e+00	0.000000e+00	0.000000e+00
830	8.663514e+15	0.000000e+00	0.000000e+00	0.000000e+00
831	8.667161e+15	0.000000e+00	0.000000e+00	0.000000e+00
832	8.669885e+15	0.000000e+00	0.000000e+00	0.000000e+00
833	8.673153e+15	0.000000e+00	0.000000e+00	0.000000e+00
834	8.677075e+15	0.000000e+00	0.000000e+00	0.000000e+00
835	8.681669e+15	0.000000e+00	0.000000e+00	0.000000e+00
836	8.684096e+15	0.000000e+00	0.000000e+00	0.000000e+00
837	8.685818e+15	0.000000e+00	0.000000e+00	0.000000e+00
838	8.687884e+15	0.000000e+00	0.000000e+00	0.000000e+00
839	8.690364e+15	0.000000e+00	0.000000e+00	0.000000e+00
840	8.693339e+15	0.000000e+00	0.000000e+00	0.000000e+00
841	8.695628e+15	0.000000e+00	0.000000e+00	0.000000e+00
842	8.698375e+15	0.000000e+00	0.000000e+00	0.000000e+00
843	8.701671e+15	0.000000e+00	0.000000e+00	0.000000e+00
844	8.705069e+15	0.000000e+00	0.000000e+00	0.000000e+00
845	8.706379e+15	0.000000e+00	0.000000e+00	0.000000e+00
846	8.707952e+15	0.000000e+00	0.000000e+00	0.000000e+00
847	8.709838e+15	0.000000e+00	0.000000e+00	0.000000e+00
848	8.711618e+15	0.000000e+00	0.000000e+00	0.000000e+00
849	8.713754e+15	0.000000e+00	0.000000e+00	0.000000e+00
850	8.716317e+15	0.000000e+00	0.000000e+00	0.000000e+00
851	8.719393e+15	0.000000e+00	0.000000e+00	0.000000e+00
852	8.722445e+15	0.000000e+00	0.000000e+00	0.000000e+00
853	8.724925e+15	0.000000e+00	0.000000e+00	0.000000e+00
854	8.726674e+15	0.000000e+00	0.000000e+00	0.000000e+00
855	8.728772e+15	0.000000e+00	0.000000e+00	0.000000e+00
856	8.731290e+15	0.000000e+00	0.000000e+00	0.000000e+00
857	8.732874e+15	0.000000e+00	0.000000e+00	0.000000e+00
858	8.734774e+15	0.000000e+00	0.000000e+00	0.000000e+00
859	8.735749e+15	0.000000e+00	0.000000e+00	0.000000e+00
860	8.736920e+15	0.000000e+00	0.000000e+00	0.000000e+00
861	8.738324e+15	0.000000e+00	0.000000e+00	0.000000e+00
862	8.739663e+15	0.000000e+00	0.000000e+00	0.000000e+00
863	8.741271e+15	0.000000e+00	0.000000e+00	0.000000e+00
864	8.743200e+15	0.000000e+00	0.000000e+00	0.000000e+00
865	8.744075e+15	0.000000e+00	0.000000e+00	0.000000e+00
866	8.745126e+15	0.000000e+00	0.000000e+00	0.000000e+00
867	8.746386e+15	0.000000e+00	0.000000e+00	0.000000e+00
868	8.747899e+15	0.000000e+00	0.000000e+00	0.000000e+00
869	8.748877e+15	0.000000e+00	0.000000e+00	0.000000e+00
870	8.750050e+15	0.000000e+00	0.000000e+00	0.000000e+00
871	8.751459e+15	0.000000e+00	0.000000e+00	0.000000e+00
872	8.753149e+15	0.000000e+00	0.000000e+00	0.000000e+00
873	8.755158e+15	0.000000e+00	0.000000e+00	0.000000e+00
874	8.755921e+15	0.000000e+00	0.000000e+00	0.000000e+00
875	8.756836e+15	0.000000e+00	0.000000e+00	0.000000e+00
876	8.757934e+15	0.000000e+00	0.000000e+00	0.000000e+00
877	8.759213e+15	0.000000e+00	0.000000e+00	0.000000e+00
878	8.760748e+15	0.000000e+00	0.000000e+00	0.000000e+00
879	8.762590e+15	0.000000e+00	0.000000e+00	0.000000e+00
880	8.763994e+15	0.000000e+00	0.000000e+00	0.000000e+00
881	8.765121e+15	0.000000e+00	0.000000e+00	0.000000e+00
882	8.766137e+15	0.000000e+00	0.000000e+00	0.000000e+00
883	8.767357e+15	0.000000e+00	0.000000e+00	0.000000e+00
884	8.768821e+15	0.000000e+00	0.000000e+00	0.000000e+00
885	8.770577e+15	0.000000e+00	0.000000e+00	0.000000e+00
886	8.771509e+15	0.000000e+00	0.000000e+00	0.000000e+00
887	8.772627e+15	0.000000e+00	0.000000e+00	0.000000e+00
888	8.773969e+15	0.000000e+00	0.000000e+00	0.000000e+00
889	8.775580e+15	0.000000e+00	0.000000e+00	0.000000e+00
890	8.777125e+15	0.000000e+00	0.000000e+00	0.000000e+00
891	8.778980e+15	0.000000e+00	0.000000e+00	0.000000e+00
892	8.779883e+15	0.000000e+00	0.000000e+00	0.000000e+00
893	8.780967e+15	0.000000e+00	0.000000e+00	0.000000e+00
894	8.782268e+15	0.000000e+00	0.000000e+00	0.000000e+00
895	8.783829e+15	0.000000e+00	0.000000e+00	0.000000e+00
896	8.784607e+15	0.000000e+00	0.000000e+00	0.000000e+00
897	8.785541e+15	0.000000e+00	0.000000e+00	0.000000e+00
898	8.786661e+15	0.000000e+00	0.000000e+00	0.000000e+00
899	8.788005e+15	0.000000e+00	0.000000e+00	0.000000e+00
900	8.789618e+15	0.000000e+00	0.000000e+00	0.000000e+00
901	8.790769e+15	0.000000e+00	0.000000e+00	0.000000e+00
902	8.792151e+15	0.000000e+00	0.000000e+00	0.000000e+00
903	8.793810e+15	0.000000e+00	0.000000e+00	0.000000e+00
904	8.794752e+15	0.000000e+00	0.000000e+00	0.000000e+00
905	8.795882e+15	0.000000e+00	0.000000e+00	0.000000e+00
906	8.797238e+15	0.000000e+00	0.000000e+00	0.000000e+00
907	8.798089e+15	0.000000e+00	0.000000e+00	0.000000e+00
908	8.799109e+15	0.000000e+00	0.000000e+00	0.000000e+00
909	8.800206e+15	0.000000e+00	0.000000e+00	0.000000e+00
910	8.801523e+15	0.000000e+00	0.000000e+00	0.000000e+00
911	8.802361e+15	0.000000e+00	0.000000e+00	0.000000e+00
912	8.803367e+15	0.000000e+00	0.000000e+00	0.000000e+00
913	8.804574e+15	0.000000e+00	0.000000e+00	0.000000e+00
914	8.806022e+15	0.000000e+00	0.000000e+00	0.000000e+00
915	8.807513e+15	0.000000e+00	0.000000e+00	0.000000e+00
916	8.808639e+15	0.000000e+00	0.000000e+00	0.000000e+00
917	8.809991e+15	0.000000e+00	0.000000e+00	0.000000e+00
918	8.811337e+15	0.000000e+00	0.000000e+00	0.000000e+00
919	8.812328e+15	0.000000e+00	0.000000e+00	0.000000e+00
920	8.813518e+15	0.000000e+00	0.000000e+00	0.000000e+00
921	8.814946e+15	0.000000e+00	0.000000e+00	0.000000e+00
922	8.816414e+15	0.000000e+00	0.000000e+00	0.000000e+00
923	8.817046e+15	0.000000e+00	0.000000e+00	0.000000e+00
924	8.817805e+15	0.000000e+00	0.000000e+00	0.000000e+00
925	8.818715e+15	0.000000e+00	0.000000e+00	0.000000e+00
926	8.819808e+15	0.000000e+00	0.000000e+00	0.000000e+00
927	8.821119e+15	0.000000e+00	0.000000e+00	0.000000e+00
928	8.822517e+15	0.000000e+00	0.000000e+00	0.000000e+00
929	8.823841e+15	0.000000e+00	0.000000e+00	0.000000e+00
930	8.825026e+15	0.000000e+00	0.000000e+00	0.000000e+00
931	8.826448e+15	0.000000e+00	0.000000e+00	0.000000e+00
932	8.827277e+15	0.000000e+00	0.000000e+00	0.000000e+00
933	8.828272e+15	0.000000e+00	0.000000e+00	0.000000e+00
934	8.829304e+15	0.000000e+00	0.000000e+00	0.000000e+00
935	8.830543e+15	0.000000e+00	0.000000e+00	0.000000e+00
936	8.831872e+15	0.000000e+00	0.000000e+00	0.000000e+00
937	8.833467e+15	0.000000e+00	0.000000e+00	0.000000e+00
938	8.834025e+15	0.000000e+00	0.000000e+00	0.000000e+00
939	8.834693e+15	0.000000e+00	0.000000e+00	0.000000e+00
940	8.835495e+15	0.000000e+00	0.000000e+00	0.000000e+00
941	8.836458e+15	0.000000e+00	0.000000e+00	0.000000e+00
942	8.837530e+15	0.000000e+00	0.000000e+00	0.000000e+00
943	8.838817e+15	0.000000e+00	0.000000e+00	0.000000e+00
944	8.839704e+15	0.000000e+00	0.000000e+00	0.000000e+00
945	8.840582e+15	0.000000e+00	0.000000e+00	0.000000e+00
946	8.841635e+15	0.000000e+00	0.000000e+00	0.000000e+00
947	8.842899e+15	0.000000e+00	0.000000e+00	0.000000e+00
948	8.843914e+15	0.000000e+00	0.000000e+00	0.000000e+00
949	8.845110e+15	0.000000e+00	0.000000e+00	0.000000e+00
950	8.846177e+15	0.000000e+00	0.000000e+00	0.000000e+00
951	8.847458e+15	0.000000e+00	0.000000e+00	0.000000e+00
952	8.847928e+15	0.000000e+00	0.000000e+00	0.000000e+00
953	8.848492e+15	0.000000e+00	0.000000e+00	0.000000e+00
954	8.849169e+15	0.000000e+00	0.000000e+00	0.000000e+00
955	8.849982e+15	0.000000e+00	0.000000e+00	0.000000e+00
956	8.850957e+15	0.000000e+00	0.000000e+00	0.000000e+00
957	8.851932e+15	0.000000e+00	0.000000e+00	0.000000e+00
958	8.853102e+15	0.000000e+00	0.000000e+00	0.000000e+00
959	8.854261e+15	0.000000e+00	0.000000e+00	0.000000e+00
960	8.855024e+15	0.000000e+00	0.000000e+00	0.000000e+00
961	8.855941e+15	0.000000e+00	0.000000e+00	0.000000e+00
962	8.857041e+15	0.000000e+00	0.000000e+00	0.000000e+00
963	8.858045e+15	0.000000e+00	0.000000e+00	0.000000e+00
964	8.859251e+15	0.000000e+00	0.000000e+00	0.000000e+00
965	8.859611e+15	0.000000e+00	0.000000e+00	0.000000e+00
966	8.860042e+15	0.000000e+00	0.000000e+00	0.000000e+00
967	8.860561e+15	0.000000e+00	0.000000e+00	0.000000e+00
968	8.861183e+15	0.000000e+00	0.000000e+00	0.000000e+00
969	8.861929e+15	0.000000e+00	0.000000e+00	0.000000e+00
970	8.862825e+15	0.000000e+00	0.000000e+00	0.000000e+00
971	8.863899e+15	0.000000e+00	0.000000e+00	0.000000e+00
972	8.865039e+15	0.000000e+00	0.000000e+00	0.000000e+00
973	8.865791e+15	0.000000e+00	0.000000e+00	0.000000e+00
974	8.866695e+15	0.000000e+00	0.000000e+00	0.000000e+00
975	8.867778e+15	0.000000e+00	0.000000e+00	0.000000e+00
976	8.868850e+15	0.000000e+00	0.000000e+00	0.000000e+00
977	8.869592e+15	0.000000e+00	0.000000e+00	0.000000e+00
978	8.870483e+15	0.000000e+00	0.000000e+00	0.000000e+00
979	8.871552e+15	0.000000e+00	0.000000e+00	0.000000e+00
980	8.872434e+15	0.000000e+00	0.000000e+00	0.000000e+00
981	8.873164e+15	0.000000e+00	0.000000e+00	0.000000e+00
982	8.873835e+15	0.000000e+00	0.000000e+00	0.000000e+00
983	8.874640e+15	0.000000e+00	0.000000e+00	0.000000e+00
984	8.875606e+15	0.000000e+00	0.000000e+00	0.000000e+00
985	8.876473e+15	0.000000e+00	0.000000e+00	0.000000e+00
986	8.877514e+15	0.000000e+00	0.000000e+00	0.000000e+00
987	8.878166e+15	0.000000e+00	0.000000e+00	0.000000e+00
988	8.878949e+15	0.000000e+00	0.000000e+00	0.000000e+00
989	8.879888e+15	0.000000e+00	0.000000e+00	0.000000e+00
990	8.880895e+15	0.000000e+00	0.000000e+00	0.000000e+00
991	8.881484e+15	0.000000e+00	0.000000e+00	0.000000e+00
992	8.882190e+15	0.000000e+00	0.000000e+00	0.000000e+00
993	8.883038e+15	0.000000e+00	0.000000e+00	0.000000e+00
994	8.884055e+15	0.000000e+00	0.000000e+00	0.000000e+00
995	8.884771e+15	0.000000e+00	0.000000e+00	0.000000e+00
996	8.885630e+15	0.000000e+00	0.000000e+00	0.000000e+00
997	8.886480e+15	0.000000e+00	0.000000e+00	0.000000e+00
998	8.887273e+15	0.000000e+00	0.000000e+00	0.000000e+00
999	8.888224e+15	0.000000e+00	0.000000e+00	0.000000e+00
1000	8.888677e+15	0.000000e+00	0.000000e+00	0.000000e+00
1001	8.889221e+15	0.000000e+00	0.000000e+00	0.000000e+00
1002	8.889874e+15	0.000000e+00	0.000000e+00	0.000000e+00
1003	8.890657e+15	0.000000e+00	0.000000e+00	0.000000e+00
1004	8.891596e+15	0.000000e+00	0.000000e+00	0.000000e+00
1005	8.892029e+15	0.000000e+00	0.000000e+00	0.000000e+00
1006	8.892549e+15	0.000000e+00	0.000000e+00	0.000000e+00
1007	8.893173e+15	0.000000e+00	0.000000e+00	0.000000e+00
1008	8.893921e+15	0.000000e+00	0.000000e+00	0.000000e+00
1009	8.894819e+15	0.000000e+00	0.000000e+00	0.000000e+00
1010	8.895617e+15	0.000000e+00	0.000000e+00	0.000000e+00
1011	8.896574e+15	0.000000e+00	0.000000e+00	0.000000e+00
1012	8.897442e+15	0.000000e+00	0.000000e+00	0.000000e+00
1013	8.898114e+15	0.000000e+00	0.000000e+00	0.000000e+00
1014	8.898921e+15	0.000000e+00	0.000000e+00	0.000000e+00
1015	8.899691e+15	0.000000e+00	0.000000e+00	0.000000e+00
1016	8.900234e+15	0.000000e+00	0.000000e+00	0.000000e+00
1017	8.900886e+15	0.000000e+00	0.000000e+00	0.000000e+00
1018	8.901668e+15	0.000000e+00	0.000000e+00	0.000000e+00
1019	8.902606e+15	0.000000e+00	0.000000e+00	0.000000e+00
1020	8.903509e+15	0.000000e+00	0.000000e+00	0.000000e+00
1021	8.904059e+15	0.000000e+00	0.000000e+00	0.000000e+00
1022	8.904718e+15	0.000000e+00	0.000000e+00	0.000000e+00
1023	8.905509e+15	0.000000e+00	0.000000e+00	0.000000e+00
1024	8.906458e+15	0.000000e+00	0.000000e+00	0.000000e+00
1025	8.907168e+15	0.000000e+00	0.000000e+00	0.000000e+00
1026	8.907863e+15	0.000000e+00	0.000000e+00	0.000000e+00
1027	8.908698e+15	0.000000e+00	0.000000e+00	0.000000e+00
1028	8.909455e+15	0.000000e+00	0.000000e+00	0.000000e+00
1029	8.910114e+15	0.000000e+00	0.000000e+00	0.000000e+00
1030	8.910905e+15	0.000000e+00	0.000000e+00	0.000000e+00
1031	8.911766e+15	0.000000e+00	0.000000e+00	0.000000e+00
1032	8.912799e+15	0.000000e+00	0.000000e+00	0.000000e+00
1033	8.913181e+15	0.000000e+00	0.000000e+00	0.000000e+00
1034	8.913640e+15	0.000000e+00	0.000000e+00	0.000000e+00
1035	8.914190e+15	0.000000e+00	0.000000e+00	0.000000e+00
1036	8.914851e+15	0.000000e+00	0.000000e+00	0.000000e+00
1037	8.915499e+15	0.000000e+00	0.000000e+00	0.000000e+00
1038	8.916277e+15	0.000000e+00	0.000000e+00	0.000000e+00
1039	8.916981e+15	0.000000e+00	0.000000e+00	0.000000e+00
1040	8.917827e+15	0.000000e+00	0.000000e+00	0.000000e+00
1041	8.918704e+15	0.000000e+00	0.000000e+00	0.000000e+00
1042	8.919366e+15	0.000000e+00	0.000000e+00	0.000000e+00
1043	8.920161e+15	0.000000e+00	0.000000e+00	0.000000e+00
1044	8.920735e+15	0.000000e+00	0.000000e+00	0.000000e+00
1045	8.921380e+15	0.000000e+00	0.000000e+00	0.000000e+00
1046	8.922153e+15	0.000000e+00	0.000000e+00	0.000000e+00
1047	8.923081e+15	0.000000e+00	0.000000e+00	0.000000e+00
1048	8.923764e+15	0.000000e+00	0.000000e+00	0.000000e+00
1049	8.924360e+15	0.000000e+00	0.000000e+00	0.000000e+00
1050	8.925074e+15	0.000000e+00	0.000000e+00	0.000000e+00
1051	8.925932e+15	0.000000e+00	0.000000e+00	0.000000e+00
1052	8.926781e+15	0.000000e+00	0.000000e+00	0.000000e+00
1053	8.927304e+15	0.000000e+00	0.000000e+00	0.000000e+00
1054	8.927931e+15	0.000000e+00	0.000000e+00	0.000000e+00
1055	8.928684e+15	0.000000e+00	0.000000e+00	0.000000e+00
1056	8.929321e+15	0.000000e+00	0.000000e+00	0.000000e+00
1057	8.930086e+15	0.000000e+00	0.000000e+00	0.000000e+00
1058	8.931004e+15	0.000000e+00	0.000000e+00	0.000000e+00
1059	8.932105e+15	0.000000e+00	0.000000e+00	0.000000e+00
1060	8.932861e+15	0.000000e+00	0.000000e+00	0.000000e+00
1061	8.933769e+15	0.000000e+00	0.000000e+00	0.000000e+00
1062	8.934492e+15	0.000000e+00	0.000000e+00	0.000000e+00
1063	8.935359e+15	0.000000e+00	0.000000e+00	0.000000e+00
1064	8.936291e+15	0.000000e+00	0.000000e+00	0.000000e+00
1065	8.936995e+15	0.000000e+00	0.000000e+00	0.000000e+00
1066	8.937841e+15	0.000000e+00	0.000000e+00	0.000000e+00
1067	8.938601e+15	0.000000e+00	0.000000e+00	0.000000e+00
1068	8.939237e+15	0.000000e+00	0.000000e+00	0.000000e+00
1069	8.940001e+15	0.000000e+00	0.000000e+00	0.000000e+00
1070	8.940855e+15	0.000000e+00	0.000000e+00	0.000000e+00
1071	8.941880e+15	0.000000e+00	0.000000e+00	0.000000e+00
1072	8.943063e+15	0.000000e+00	0.000000e+00	0.000000e+00
1073	8.943967e+15	0.000000e+00	0.000000e+00	0.000000e+00
1074	8.944648e+15	0.000000e+00	0.000000e+00	0.000000e+00
1075	8.945332e+15	0.000000e+00	0.000000e+00	0.000000e+00
1076	8.946153e+15	0.000000e+00	0.000000e+00	0.000000e+00
1077	8.947138e+15	0.000000e+00	0.000000e+00	0.000000e+00
1078	8.947988e+15	0.000000e+00	0.000000e+00	0.000000e+00
1079	8.948927e+15	0.000000e+00	0.000000e+00	0.000000e+00
1080	8.949725e+15	0.000000e+00	0.000000e+00	0.000000e+00
1081	8.950295e+15	0.000000e+00	0.000000e+00	0.000000e+00
1082	8.950979e+15	0.000000e+00	0.000000e+00	0.000000e+00
1083	8.951800e+15	0.000000e+00	0.000000e+00	0.000000e+00
1084	8.952719e+15	0.000000e+00	0.000000e+00	0.000000e+00
1085	8.953412e+15	0.000000e+00	0.000000e+00	0.000000e+00
1086	8.954056e+15	0.000000e+00	0.000000e+00	0.000000e+00
1087	8.954824e+15	0.000000e+00	0.000000e+00	0.000000e+00
1088	8.955745e+15	0.000000e+00	0.000000e+00	0.000000e+00
1089	8.956743e+15	0.000000e+00	0.000000e+00	0.000000e+00
1090	8.957443e+15	0.000000e+00	0.000000e+00	0.000000e+00
1091	8.958054e+15	0.000000e+00	0.000000e+00	0.000000e+00
1092	8.958787e+15	0.000000e+00	0.000000e+00	0.000000e+00
1093	8.959667e+15	0.000000e+00	0.000000e+00	0.000000e+00
1094	8.960722e+15	0.000000e+00	0.000000e+00	0.000000e+00
1095	8.961653e+15	0.000000e+00	0.000000e+00	0.000000e+00
1096	8.962767e+15	0.000000e+00	0.000000e+00	0.000000e+00
1097	8.963274e+15	0.000000e+00	0.000000e+00	0.000000e+00
1098	8.963881e+15	0.000000e+00	0.000000e+00	0.000000e+00
1099	8.964611e+15	0.000000e+00	0.000000e+00	0.000000e+00
1100	8.965387e+15	0.000000e+00	0.000000e+00	0.000000e+00
1101	8.966318e+15	0.000000e+00	0.000000e+00	0.000000e+00
1102	8.966855e+15	0.000000e+00	0.000000e+00	0.000000e+00
1103	8.967500e+15	0.000000e+00	0.000000e+00	0.000000e+00
1104	8.968274e+15	0.000000e+00	0.000000e+00	0.000000e+00
1105	8.968969e+15	0.000000e+00	0.000000e+00	0.000000e+00
1106	8.969804e+15	0.000000e+00	0.000000e+00	0.000000e+00
1107	8.970805e+15	0.000000e+00	0.000000e+00	0.000000e+00
1108	8.971878e+15	0.000000e+00	0.000000e+00	0.000000e+00
1109	8.972686e+15	0.000000e+00	0.000000e+00	0.000000e+00
1110	8.973655e+15	0.000000e+00	0.000000e+00	0.000000e+00
1111	8.974593e+15	0.000000e+00	0.000000e+00	0.000000e+00
1112	8.975719e+15	0.000000e+00	0.000000e+00	0.000000e+00
1113	8.976491e+15	0.000000e+00	0.000000e+00	0.000000e+00
1114	8.977417e+15	0.000000e+00	0.000000e+00	0.000000e+00
1115	8.977971e+15	0.000000e+00	0.000000e+00	0.000000e+00
1116	8.978634e+15	0.000000e+00	0.000000e+00	0.000000e+00
1117	8.979431e+15	0.000000e+00	0.000000e+00	0.000000e+00
1118	8.980347e+15	0.000000e+00	0.000000e+00	0.000000e+00
1119	8.981284e+15	0.000000e+00	0.000000e+00	0.000000e+00
1120	8.982013e+15	0.000000e+00	0.000000e+00	0.000000e+00
1121	8.982888e+15	0.000000e+00	0.000000e+00	0.000000e+00
1122	8.983744e+15	0.000000e+00	0.000000e+00	0.000000e+00
1123	8.984720e+15	0.000000e+00	0.000000e+00	0.000000e+00
1124	8.985892e+15	0.000000e+00	0.000000e+00	0.000000e+00
1125	8.986291e+15	0.000000e+00	0.000000e+00	0.000000e+00
1126	8.986770e+15	0.000000e+00	0.000000e+00	0.000000e+00
1127	8.987345e+15	0.000000e+00	0.000000e+00	0.000000e+00
1128	8.988035e+15	0.000000e+00	0.000000e+00	0.000000e+00
1129	8.988862e+15	0.000000e+00	0.000000e+00	0.000000e+00
1130	8.989856e+15	0.000000e+00	0.000000e+00	0.000000e+00
1131	8.990564e+15	0.000000e+00	0.000000e+00	0.000000e+00
1132	8.991258e+15	0.000000e+00	0.000000e+00	0.000000e+00
1133	8.992091e+15	0.000000e+00	0.000000e+00	0.000000e+00
1134	8.993028e+15	0.000000e+00	0.000000e+00	0.000000e+00
1135	8.994152e+15	0.000000e+00	0.000000e+00	0.000000e+00
1136	8.995074e+15	0.000000e+00	0.000000e+00	0.000000e+00
1137	8.995966e+15	0.000000e+00	0.000000e+00	0.000000e+00
1138	8.996734e+15	0.000000e+00	0.000000e+00	0.000000e+00
1139	8.997425e+15	0.000000e+00	0.000000e+00	0.000000e+00
1140	8.998086e+15	0.000000e+00	0.000000e+00	0.000000e+00
1141	8.998878e+15	0.000000e+00	0.000000e+00	0.000000e+00
1142	8.999829e+15	0.000000e+00	0.000000e+00	0.000000e+00
1143	9.000413e+15	0.000000e+00	0.000000e+00	0.000000e+00
1144	9.001115e+15	0.000000e+00	0.000000e+00	0.000000e+00
1145	9.001957e+15	0.000000e+00	0.000000e+00	0.000000e+00
1146	9.002767e+15	0.000000e+00	0.000000e+00	0.000000e+00
1147	9.003739e+15	0.000000e+00	0.000000e+00	0.000000e+00
1148	9.004595e+15	0.000000e+00	0.000000e+00	0.000000e+00
1149	9.005493e+15	0.000000e+00	0.000000e+00	0.000000e+00
1150	9.006126e+15	0.000000e+00	0.000000e+00	0.000000e+00
1151	9.006885e+15	0.000000e+00	0.000000e+00	0.000000e+00
1152	9.007797e+15	0.000000e+00	0.000000e+00	0.000000e+00
1153	9.008573e+15	0.000000e+00	0.000000e+00	0.000000e+00
1154	9.009338e+15	0.000000e+00	0.000000e+00	0.000000e+00
1155	9.010033e+15	0.000000e+00	0.000000e+00	0.000000e+00
1156	9.010868e+15	0.000000e+00	0.000000e+00	0.000000e+00
1157	9.011869e+15	0.000000e+00	0.000000e+00	0.000000e+00
1158	9.012580e+15	0.000000e+00	0.000000e+00	0.000000e+00
1159	9.013433e+15	0.000000e+00	0.000000e+00	0.000000e+00
1160	9.013907e+15	0.000000e+00	0.000000e+00	0.000000e+00
1161	9.014475e+15	0.000000e+00	0.000000e+00	0.000000e+00
1162	9.015157e+15	0.000000e+00	0.000000e+00	0.000000e+00
1163	9.015975e+15	0.000000e+00	0.000000e+00	0.000000e+00
1164	9.016573e+15	0.000000e+00	0.000000e+00	0.000000e+00
1165	9.017233e+15	0.000000e+00	0.000000e+00	0.000000e+00
1166	9.017982e+15	0.000000e+00	0.000000e+00	0.000000e+00
1167	9.018881e+15	0.000000e+00	0.000000e+00	0.000000e+00
1168	9.019959e+15	0.000000e+00	0.000000e+00	0.000000e+00
1169	9.020823e+15	0.000000e+00	0.000000e+00	0.000000e+00
1170	9.021859e+15	0.000000e+00	0.000000e+00	0.000000e+00
1171	9.022521e+15	0.000000e+00	0.000000e+00	0.000000e+00
1172	9.023314e+15	0.000000e+00	0.000000e+00	0.000000e+00
1173	9.024029e+15	0.000000e+00	0.000000e+00	0.000000e+00
1174	9.024888e+15	0.000000e+00	0.000000e+00	0.000000e+00
1175	9.025841e+15	0.000000e+00	0.000000e+00	0.000000e+00
1176	9.026985e+15	0.000000e+00	0.000000e+00	0.000000e+00
1177	9.027805e+15	0.000000e+00	0.000000e+00	0.000000e+00
1178	9.028790e+15	0.000000e+00	0.000000e+00	0.000000e+00
1179	9.029971e+15	0.000000e+00	0.000000e+00	0.000000e+00
1180	9.031388e+15	0.000000e+00	0.000000e+00	0.000000e+00
1181	9.032445e+15	0.000000e+00	0.000000e+00	0.000000e+00
1182	9.033155e+15	0.000000e+00	0.000000e+00	0.000000e+00
1183	9.033940e+15	0.000000e+00	1.212693e-02	0.000000e+00
1184	9.034882e+15	0.000000e+00	2.636720e-01	0.000000e+00
1185	9.035614e+15	0.000000e+00	3.340691e-01	0.000000e+00
1186	9.036492e+15	0.000000e+00	8.275335e-01	0.000000e+00
1187	9.037314e+15	0.000000e+00	7.710822e-01	0.000000e+00
1188	9.038302e+15	0.000000e+00	9.334057e-01	0.000000e+00
1189	9.039487e+15	0.000000e+00	2.365273e+00	0.000000e+00
1190	9.040356e+15	0.000000e+00	1.445137e+00	0.000000e+00
1191	9.041398e+15	0.000000e+00	3.742130e+00	0.000000e+00
1192	9.042154e+15	0.000000e+00	2.239783e+00	1.258391e+16
1193	9.043035e+15	0.000000e+00	3.065361e+00	5.084137e+16
1194	9.043909e+15	0.000000e+00	2.460062e+00	5.167994e+16
1195	9.044958e+15	0.000000e+00	2.655563e+00	9.446048e+16
1196	9.046217e+15	0.000000e+00	4.539128e+00	6.705822e+16
1197	9.047316e+15	0.000000e+00	8.143607e+00	1.016076e+17
1198	9.047963e+15	0.000000e+00	3.212759e+00	8.070149e+16
1199	9.048739e+15	0.000000e+00	3.329090e+00	6.485165e+16
1200	9.049671e+15	0.000000e+00	3.642601e+00	7.349715e+16
1201	9.050743e+15	0.000000e+00	3.523114e+00	4.212034e+16
1202	9.052030e+15	0.000000e+00	1.542521e+01	1.040432e+17
1203	9.052570e+15	0.000000e+00	4.151205e+00	2.658268e+16
1204	9.053219e+15	0.000000e+00	4.135578e+00	2.349891e+16
1205	9.053998e+15	0.000000e+00	4.296407e+00	5.291749e+16
1206	9.054932e+15	0.000000e+00	4.417805e+00	4.491547e+16
1207	9.056054e+15	0.000000e+00	4.771671e+00	4.861509e+16
1208	9.057371e+15	0.000000e+00	8.966424e+00	9.074563e+16
1209	9.058424e+15	0.000000e+00	6.355592e+00	6.046826e+16
1210	9.059547e+15	0.000000e+00	5.403843e+00	9.446978e+16
1211	9.060894e+15	0.000000e+00	2.627370e+01	1.569069e+17
1212	9.061387e+15	0.000000e+00	5.675689e+00	2.748796e+16
1213	9.061977e+15	0.000000e+00	5.598506e+00	3.997409e+16
1214	9.062686e+15	0.000000e+00	5.397918e+00	3.057665e+16
1215	9.063537e+15	0.000000e+00	8.097548e+00	6.637430e+16
1216	9.064342e+15	0.000000e+00	5.772760e+00	5.841028e+16
1217	9.065307e+15	0.000000e+00	9.004481e+00	6.318790e+16
1218	9.066182e+15	0.000000e+00	8.702914e+00	6.923269e+16
1219	9.067002e+15	0.000000e+00	5.512572e+00	3.570963e+16
1220	9.067986e+15	0.000000e+00	1.116280e+01	8.737508e+16
1221	9.068726e+15	0.000000e+00	5.509719e+00	4.669644e+16
1222	9.069614e+15	0.000000e+00	5.544982e+00	5.506535e+16
1223	9.070680e+15	0.000000e+00	7.232726e+00	6.169644e+16
1224	9.071767e+15	0.000000e+00	5.577111e+00	3.599408e+16
1225	9.073072e+15	0.000000e+00	9.200335e+00	6.090909e+16
1226	9.074223e+15	0.000000e+00	5.740418e+00	5.037211e+16
1227	9.075604e+15	0.000000e+00	7.653576e+00	4.373361e+16
1228	9.077029e+15	0.000000e+00	1.193401e+01	8.565698e+16
1229	9.078158e+15	0.000000e+00	6.655787e+00	6.046963e+16
1230	9.079512e+15	0.000000e+00	7.043024e+00	5.727402e+16
1231	9.081108e+15	0.000000e+00	2.562202e+01	9.943746e+16
1232	9.081893e+15	0.000000e+00	7.949182e+00	7.423446e+16
1233	9.082836e+15	0.000000e+00	1.143190e+01	8.074480e+16
1234	9.083746e+15	0.000000e+00	8.313643e+00	4.223473e+16
1235	9.084839e+15	0.000000e+00	9.211125e+00	6.295657e+16
1236	9.086077e+15	0.000000e+00	1.221106e+01	1.513040e+17
1237	9.087220e+15	0.000000e+00	1.729564e+01	1.318861e+17
1238	9.088063e+15	0.000000e+00	8.160036e+00	5.826397e+16
1239	9.089075e+15	0.000000e+00	8.072973e+00	6.484853e+16
1240	9.090289e+15	0.000000e+00	9.492690e+00	8.442097e+16
1241	9.091600e+15	0.000000e+00	7.831011e+00	5.621273e+16
1242	9.093174e+15	0.000000e+00	3.154713e+01	1.142008e+17
1243	9.093872e+15	0.000000e+00	7.707734e+00	4.645958e+16
1244	9.094710e+15	0.000000e+00	7.761911e+00	7.064449e+16
1245	9.095716e+15	0.000000e+00	7.624059e+00	9.837936e+16
1246	9.096923e+15	0.000000e+00	1.745575e+01	8.323345e+16
1247	9.097764e+15	0.000000e+00	7.480950e+00	7.440503e+16
1248	9.098773e+15	0.000000e+00	1.031788e+01	8.502331e+16
1249	9.099769e+15	0.000000e+00	7.364121e+00	3.946400e+16
1250	9.100965e+15	0.000000e+00	1.303771e+01	6.026884e+16
1251	9.101979e+15	0.000000e+00	7.484442e+00	5.124206e+16
1252	9.103195e+15	0.000000e+00	7.632829e+00	7.775639e+16
1253	9.104655e+15	0.000000e+00	2.105016e+01	1.114753e+17
1254	9.105561e+15	0.000000e+00	7.638756e+00	1.827396e+16
1255	9.106647e+15	0.000000e+00	9.468799e+00	8.481279e+16
1256	9.107862e+15	0.000000e+00	1.934903e+01	9.190098e+16
1257	9.108708e+15	0.000000e+00	8.278955e+00	2.907972e+16
1258	9.109723e+15	0.000000e+00	9.122779e+00	5.177683e+16
1259	9.110876e+15	0.000000e+00	8.328465e+00	6.667470e+16
1260	9.112260e+15	0.000000e+00	1.681226e+01	5.566349e+16
1261	9.113335e+15	0.000000e+00	8.304631e+00	4.811625e+16
1262	9.114625e+15	0.000000e+00	2.064658e+01	1.147550e+17
1263	9.115492e+15	0.000000e+00	8.403260e+00	6.387690e+16
1264	9.116532e+15	0.000000e+00	9.238085e+00	8.215653e+16
1265	9.117716e+15	0.000000e+00	1.573605e+01	1.009045e+17
1266	9.118687e+15	0.000000e+00	8.301116e+00	5.991669e+16
1267	9.119851e+15	0.000000e+00	8.629217e+00	7.088845e+16
1268	9.121249e+15	0.000000e+00	2.787214e+01	1.303329e+17
1269	9.122030e+15	0.000000e+00	8.894546e+00	2.247314e+16
1270	9.122967e+15	0.000000e+00	9.653941e+00	6.012610e+16
1271	9.124092e+15	0.000000e+00	9.744271e+00	3.870162e+16
1272	9.125442e+15	0.000000e+00	4.198301e+01	1.318080e+17
1273	9.126032e+15	0.000000e+00	1.031600e+01	2.136972e+16
1274	9.126740e+15	0.000000e+00	1.044078e+01	5.772703e+16
1275	9.127590e+15	0.000000e+00	1.058015e+01	5.560747e+16
1276	9.128609e+15	0.000000e+00	1.931666e+01	1.034758e+17
1277	9.129468e+15	0.000000e+00	1.122753e+01	8.572797e+16
1278	9.130497e+15	0.000000e+00	1.543061e+01	7.697264e+16
1279	9.131543e+15	0.000000e+00	2.212332e+01	7.775487e+16
1280	9.132389e+15	0.000000e+00	1.197757e+01	5.559328e+16
1281	9.133404e+15	0.000000e+00	2.742158e+01	9.931044e+16
1282	9.134120e+15	0.000000e+00	1.218433e+01	5.818879e+16
1283	9.134978e+15	0.000000e+00	1.210726e+01	8.138969e+16
1284	9.136008e+15	0.000000e+00	1.409437e+01	1.290811e+17
1285	9.137148e+15	0.000000e+00	1.258080e+01	7.458952e+16
1286	9.138517e+15	0.000000e+00	2.473303e+01	1.391259e+17
1287	9.139593e+15	0.000000e+00	2.567188e+01	4.678520e+16
1288	9.140436e+15	0.000000e+00	1.377179e+01	4.487351e+16
1289	9.141432e+15	0.000000e+00	1.366886e+01	1.097994e+17
1290	9.142628e+15	0.000000e+00	3.389488e+01	1.207624e+17
1291	9.143434e+15	0.000000e+00	1.453503e+01	2.191186e+16
1292	9.144400e+15	0.000000e+00	1.677008e+01	5.868188e+16
1293	9.145488e+15	0.000000e+00	2.192001e+01	8.649665e+16
1294	9.146547e+15	0.000000e+00	1.782868e+01	9.077413e+16
1295	9.147748e+15	0.000000e+00	3.061263e+01	9.843207e+16
1296	9.148726e+15	0.000000e+00	1.766511e+01	8.356270e+16
1297	9.149898e+15	0.000000e+00	3.385748e+01	1.650025e+17
1298	9.150844e+15	0.000000e+00	3.938077e+01	7.787128e+16
1299	9.151548e+15	0.000000e+00	1.982609e+01	4.018907e+16
1300	9.152392e+15	0.000000e+00	2.006253e+01	9.247012e+16
1301	9.153406e+15	0.000000e+00	2.975503e+01	8.500512e+16
1302	9.154365e+15	0.000000e+00	4.045969e+01	5.638671e+16
1303	9.155107e+15	0.000000e+00	2.156874e+01	3.292246e+16
1304	9.155997e+15	0.000000e+00	2.209659e+01	9.710980e+16
1305	9.157065e+15	0.000000e+00	2.249626e+01	1.080335e+17
1306	9.158348e+15	0.000000e+00	4.792931e+01	1.237456e+17
1307	9.159280e+15	0.000000e+00	4.266861e+01	6.863051e+16
1308	9.160038e+15	0.000000e+00	2.428803e+01	6.404394e+16
1309	9.160948e+15	0.000000e+00	2.453454e+01	9.536603e+16
1310	9.162039e+15	0.000000e+00	4.627205e+01	1.427199e+17
1311	9.162931e+15	0.000000e+00	2.647879e+01	1.424139e+17
1312	9.164000e+15	0.000000e+00	2.813710e+01	1.209298e+17
1313	9.165241e+15	0.000000e+00	3.556626e+01	1.230879e+17
1314	9.166486e+15	0.000000e+00	4.105182e+01	8.246091e+16
1315	9.167634e+15	0.000000e+00	2.819254e+01	7.834405e+16
1316	9.169010e+15	0.000000e+00	1.060193e+02	2.287642e+17
1317	9.169623e+15	0.000000e+00	2.910536e+01	6.021494e+16
1318	9.170357e+15	0.000000e+00	2.938591e+01	8.709345e+16
1319	9.171239e+15	0.000000e+00	2.982747e+01	4.914060e+16
1320	9.172296e+15	0.000000e+00	3.620406e+01	1.519473e+17
1321	9.173425e+15	0.000000e+00	5.227226e+01	7.472153e+16
1322	9.174362e+15	0.000000e+00	3.114758e+01	9.501069e+16
1323	9.175486e+15	0.000000e+00	3.180901e+01	1.055663e+17
1324	9.176835e+15	0.000000e+00	7.569259e+01	2.548864e+17
1325	9.177712e+15	0.000000e+00	3.915939e+01	9.620524e+16
1326	9.178656e+15	0.000000e+00	3.412987e+01	1.197239e+17
1327	9.179789e+15	0.000000e+00	5.877388e+01	1.214417e+17
1328	9.180739e+15	6.695577e-05	3.636826e+01	1.715164e+17
1329	9.181879e+15	6.957439e-04	9.570426e+01	2.520204e+17
1330	9.182555e+15	1.688055e-04	3.726526e+01	1.128939e+17
1331	9.183366e+15	0.000000e+00	3.754017e+01	1.568048e+17
1332	9.184338e+15	5.532102e-04	5.828349e+01	1.237211e+17
1333	9.185202e+15	3.618145e-04	5.554821e+01	1.281440e+17
1334	9.185994e+15	3.945767e-05	3.751125e+01	9.060654e+16
1335	9.186944e+15	0.000000e+00	3.761065e+01	1.136001e+17
1336	9.188084e+15	5.507209e-04	3.921912e+01	1.204755e+17
1337	9.189419e+15	3.427880e-04	4.184813e+01	1.641209e+17
1338	9.190930e+15	1.665103e-03	5.623323e+01	1.445149e+17
1339	9.192336e+15	1.347533e-03	3.902889e+01	1.877995e+17
1340	9.194016e+15	2.558665e-04	3.787130e+01	1.722652e+17
1341	9.196032e+15	5.408288e-03	1.844287e+02	2.007645e+17
1342	9.196705e+15	8.089853e-04	3.685165e+01	6.749241e+16
1343	9.197513e+15	4.099575e-04	3.686178e+01	7.591593e+16
1344	9.198483e+15	9.127487e-04	3.735327e+01	1.402327e+17
1345	9.199646e+15	1.839519e-03	6.681635e+01	1.429387e+17
1346	9.200569e+15	1.170733e-03	5.818973e+01	1.304635e+17
1347	9.201385e+15	3.811377e-04	3.815576e+01	1.095968e+17
1348	9.202363e+15	6.341950e-04	3.848279e+01	5.445099e+16
1349	9.203538e+15	7.960019e-04	3.855298e+01	1.230423e+17
1350	9.204947e+15	1.609654e-03	5.257222e+01	1.922484e+17
1351	9.206315e+15	4.859422e-04	3.784449e+01	1.812088e+17
1352	9.207956e+15	1.614906e-03	8.615890e+01	2.145410e+17
1353	9.209005e+15	6.645859e-04	3.647996e+01	8.652570e+16
1354	9.210264e+15	2.832284e-04	4.310619e+01	1.367715e+17
1355	9.211602e+15	9.242228e-05	3.642021e+01	1.376184e+17
1356	9.213208e+15	1.838656e-05	7.936825e+01	1.981452e+17
1357	9.214296e+15	0.000000e+00	3.634634e+01	1.144382e+17
1358	9.215602e+15	0.000000e+00	7.150625e+01	1.967834e+17
1359	9.216553e+15	0.000000e+00	3.695709e+01	8.920034e+16
1360	9.217694e+15	0.000000e+00	3.652137e+01	1.316821e+17
1361	9.219063e+15	0.000000e+00	3.647172e+01	1.470757e+17
1362	9.220705e+15	0.000000e+00	1.052750e+02	1.821092e+17
1363	9.221569e+15	0.000000e+00	3.628076e+01	5.907207e+16
1364	9.222606e+15	0.000000e+00	3.604179e+01	9.300123e+16
1365	9.223847e+15	0.000000e+00	1.076801e+02	1.389829e+17
1366	9.224477e+15	0.000000e+00	3.607044e+01	4.878085e+16
1367	9.225232e+15	0.000000e+00	3.643794e+01	4.900190e+16
1368	9.226139e+15	0.000000e+00	3.678934e+01	7.897200e+16
1369	9.227227e+15	2.636602e-03	3.719671e+01	7.658307e+16
1370	9.228533e+15	2.042331e-02	8.576808e+01	1.701426e+17
1371	9.229364e+15	1.582804e-02	3.775714e+01	6.940887e+16
1372	9.230362e+15	1.040720e-02	3.842236e+01	1.145304e+17
1373	9.231556e+15	2.278044e-02	3.893617e+01	1.090628e+17
1374	9.232988e+15	6.706435e-02	7.680560e+01	1.451053e+17
1375	9.234036e+15	4.091549e-02	4.015213e+01	1.258963e+17
1376	9.235295e+15	1.137164e-01	5.702925e+01	1.476732e+17
1377	9.236458e+15	1.699652e-01	6.184593e+01	1.386355e+17
1378	9.237463e+15	1.214359e-01	3.884821e+01	5.878533e+16
1379	9.238668e+15	1.348988e-01	3.824300e+01	8.997258e+16
1380	9.240114e+15	5.164046e-01	1.166449e+02	1.750680e+17
1381	9.240848e+15	1.802814e-01	3.994779e+01	6.509657e+16
1382	9.241729e+15	2.166371e-01	4.033885e+01	4.266687e+16
1383	9.242787e+15	3.212939e-01	5.075583e+01	1.382285e+17
1384	9.243881e+15	2.952265e-01	4.199895e+01	1.143594e+17
1385	9.245195e+15	2.872290e-01	4.177241e+01	5.353994e+16
1386	9.246771e+15	5.099933e-01	6.511207e+01	2.042166e+17
1387	9.248120e+15	3.589319e-01	3.995009e+01	5.939455e+16
1388	9.249740e+15	3.053746e-01	3.911169e+01	1.471052e+17
1389	9.251683e+15	1.160214e+00	1.532083e+02	1.923587e+17
1390	9.252445e+15	2.601699e-01	3.682201e+01	7.805954e+16
1391	9.253360e+15	2.528400e-01	3.666074e+01	5.731891e+16
1392	9.254458e+15	2.627197e-01	3.613636e+01	9.094226e+16
1393	9.255775e+15	2.464165e-01	3.596460e+01	1.221145e+17
1394	9.257356e+15	5.088945e-01	8.181832e+01	1.068204e+17
1395	9.258357e+15	1.906800e-01	3.467806e+01	7.529786e+16
1396	9.259559e+15	2.401391e-01	4.637084e+01	7.458994e+16
1397	9.260717e+15	2.423225e-01	5.032219e+01	7.734357e+16
1398	9.261755e+15	2.685763e-01	4.859759e+01	6.087071e+16
1399	9.262703e+15	2.080950e-01	3.279093e+01	5.627013e+16
1400	9.263841e+15	2.108472e-01	3.235485e+01	6.945394e+16
1401	9.265206e+15	3.263945e-01	4.991988e+01	1.071982e+17
1402	9.266389e+15	2.337258e-01	3.626114e+01	1.033750e+17
1403	9.267681e+15	3.097173e-01	4.354937e+01	9.989649e+16
1404	9.268883e+15	2.193248e-01	3.008758e+01	6.063196e+16
1405	9.270327e+15	2.380068e-01	2.941112e+01	7.865233e+16
1406	9.272058e+15	3.734680e-01	4.283576e+01	1.089836e+17
1407	9.273630e+15	9.417343e-01	1.067337e+02	1.195808e+17
1408	9.274294e+15	2.422767e-01	2.854856e+01	6.151625e+16
1409	9.275091e+15	2.330728e-01	2.846974e+01	5.605990e+16
1410	9.276047e+15	2.092546e-01	2.832679e+01	3.791712e+16
1411	9.277194e+15	2.676088e-01	3.073685e+01	6.289277e+16
1412	9.278490e+15	2.837896e-01	2.791961e+01	8.572378e+16
1413	9.280044e+15	3.724837e-01	3.673179e+01	7.588024e+16
1414	9.281565e+15	2.339642e-01	2.723988e+01	7.790273e+16
1415	9.283391e+15	9.820030e-01	1.222915e+02	1.315468e+17
1416	9.284028e+15	1.871173e-01	2.589241e+01	2.859458e+16
1417	9.284793e+15	2.001081e-01	2.553603e+01	6.431758e+16
1418	9.285711e+15	2.049438e-01	2.548312e+01	3.603550e+16
1419	9.286812e+15	1.803253e-01	2.533049e+01	6.507745e+16
1420	9.288134e+15	2.195438e-01	2.527328e+01	6.739124e+16
1421	9.289720e+15	6.605254e-01	7.441329e+01	1.087987e+17
1422	9.290551e+15	2.158089e-01	2.528994e+01	5.809135e+16
1423	9.291548e+15	2.621588e-01	2.530021e+01	6.140038e+16
1424	9.292744e+15	3.024617e-01	2.535920e+01	1.050415e+17
1425	9.294180e+15	8.882152e-01	8.062137e+01	7.232054e+16
1426	9.294885e+15	2.965028e-01	2.499748e+01	4.439705e+16
1427	9.295731e+15	3.458334e-01	2.493788e+01	3.633288e+16
1428	9.296745e+15	3.976264e-01	2.490818e+01	2.415993e+16
1429	9.297963e+15	9.110282e-01	5.768420e+01	4.257406e+16
1430	9.298740e+15	4.268776e-01	2.457663e+01	2.441620e+16
1431	9.299673e+15	4.521492e-01	2.463126e+01	6.215193e+16
1432	9.300792e+15	4.572523e-01	2.457695e+01	3.568803e+16
1433	9.302135e+15	5.435535e-01	2.908156e+01	7.338827e+16
1434	9.303581e+15	5.225376e-01	2.558626e+01	7.277736e+16
1435	9.305283e+15	5.025939e-01	2.494990e+01	1.094079e+17
1436	9.307326e+15	2.046849e+00	8.785896e+01	1.411695e+17
1437	9.308259e+15	6.074678e-01	2.484146e+01	6.886627e+16
1438	9.309379e+15	8.783329e-01	3.620189e+01	3.401716e+16
1439	9.310417e+15	6.063984e-01	2.467745e+01	1.801596e+16
1440	9.311662e+15	6.118371e-01	2.489778e+01	2.537589e+16
1441	9.313157e+15	2.392060e+00	8.990809e+01	9.167166e+16
1442	9.313839e+15	7.140555e-01	2.372415e+01	6.938474e+15
1443	9.314658e+15	7.378862e-01	2.366844e+01	3.807769e+16
1444	9.315641e+15	7.130927e-01	2.384987e+01	7.646853e+16
1445	9.316820e+15	1.135608e+00	3.732278e+01	8.205564e+16
1446	9.317868e+15	1.097293e+00	3.472277e+01	3.100120e+16
1447	9.318847e+15	7.646462e-01	2.376416e+01	2.967044e+16
1448	9.320022e+15	1.229247e+00	4.050766e+01	5.306326e+16
1449	9.321014e+15	7.311940e-01	2.420381e+01	4.983831e+16
1450	9.322205e+15	7.442288e-01	2.423291e+01	8.096378e+16
1451	9.323627e+15	7.486041e-01	2.394436e+01	4.738402e+16
1452	9.325334e+15	2.880967e+00	8.228104e+01	1.296667e+17
1453	9.326144e+15	8.494558e-01	2.366178e+01	3.711641e+16
1454	9.327116e+15	8.811222e-01	2.357892e+01	1.768487e+16
1455	9.328283e+15	1.063639e+00	2.779104e+01	7.862514e+16
1456	9.329532e+15	1.039102e+00	2.444577e+01	8.309970e+16
1457	9.330965e+15	9.654962e-01	2.235923e+01	6.954918e+16
1458	9.332686e+15	1.375341e+00	3.151152e+01	8.152781e+16
1459	9.334301e+15	1.899376e+00	4.420489e+01	7.477294e+16
1460	9.335468e+15	1.076486e+00	2.411279e+01	5.897798e+16
1461	9.336734e+15	9.646987e-01	2.007274e+01	2.814835e+16
1462	9.338254e+15	1.682453e+00	3.423764e+01	7.012475e+16
1463	9.339512e+15	9.142884e-01	1.915762e+01	5.781292e+16
1464	9.341021e+15	1.794115e+00	3.852153e+01	5.067416e+16
1465	9.342128e+15	8.516019e-01	1.801791e+01	3.931939e+16
1466	9.343456e+15	9.268982e-01	1.761885e+01	6.177288e+16
1467	9.345050e+15	1.976820e+00	3.820770e+01	6.167203e+16
1468	9.346164e+15	9.256229e-01	1.771109e+01	4.576083e+16
1469	9.347457e+15	8.161781e-01	1.647011e+01	2.827573e+16
1470	9.349008e+15	1.839451e+00	3.543588e+01	2.902158e+16
1471	9.350101e+15	8.008998e-01	1.522494e+01	3.928556e+16
1472	9.351413e+15	1.018887e+00	1.907530e+01	5.717889e+16
1473	9.352786e+15	1.531254e+00	2.774937e+01	5.927477e+16
1474	9.353891e+15	1.032458e+00	1.828844e+01	2.935371e+16
1475	9.355035e+15	7.621029e-01	1.382853e+01	2.489423e+16
1476	9.356409e+15	7.540164e-01	1.324649e+01	5.545588e+16
1477	9.358057e+15	2.794094e+00	4.923275e+01	5.208747e+16
1478	9.358839e+15	7.461027e-01	1.207836e+01	1.657288e+16
1479	9.359777e+15	7.434393e-01	1.180230e+01	6.541913e+15
1480	9.360903e+15	7.223276e-01	1.173623e+01	1.729501e+16
1481	9.362254e+15	6.932010e-01	1.161013e+01	1.695814e+16
1482	9.363876e+15	1.530216e+00	2.672700e+01	5.171296e+16
1483	9.365010e+15	8.987445e-01	1.600439e+01	5.287352e+15
1484	9.366109e+15	1.316023e+00	2.360301e+01	3.197828e+16
1485	9.366934e+15	5.898393e-01	1.084537e+01	2.733206e+16
1486	9.367924e+15	5.919628e-01	1.083457e+01	6.558825e+16
1487	9.369112e+15	5.722865e-01	1.073807e+01	2.375923e+16
1488	9.370538e+15	6.444304e-01	1.271281e+01	1.894192e+16
1489	9.372083e+15	5.351884e-01	1.022788e+01	4.856747e+16
1490	9.373938e+15	1.881947e+00	3.737225e+01	8.682691e+16
1491	9.374890e+15	5.254824e-01	9.869217e+00	3.169755e+16
1492	9.376033e+15	4.870443e-01	9.637179e+00	2.937026e+16
1493	9.377405e+15	4.460129e-01	9.363478e+00	2.426629e+16
1494	9.379051e+15	4.926867e-01	9.790556e+00	4.805436e+15
1495	9.380955e+15	1.291976e+00	2.463677e+01	5.225199e+16
1496	9.382167e+15	4.911335e-01	8.454836e+00	2.485414e+16
1497	9.383621e+15	6.133343e-01	1.087797e+01	3.364640e+16
1498	9.385133e+15	7.752684e-01	1.300601e+01	2.683875e+16
1499	9.386524e+15	1.000927e+00	1.595557e+01	5.115420e+16
1500	9.387636e+15	4.930301e-01	7.543334e+00	2.887669e+16
1501	9.388972e+15	6.740629e-01	1.017502e+01	2.438075e+16
1502	9.390331e+15	7.524127e-01	1.137000e+01	3.862256e+16
1503	9.391610e+15	1.414232e+00	2.096012e+01	3.020465e+16
1504	9.392403e+15	4.704305e-01	6.560668e+00	1.745658e+16
1505	9.393355e+15	4.479056e-01	6.332906e+00	4.875465e+15
1506	9.394497e+15	6.789882e-01	9.656024e+00	1.128034e+16
1507	9.395562e+15	4.750340e-01	6.706126e+00	7.407945e+15
1508	9.396839e+15	4.704844e-01	6.523335e+00	6.026437e+15
1509	9.398373e+15	8.728831e-01	1.298538e+01	3.414776e+16
1510	9.399618e+15	7.965732e-01	1.083646e+01	3.584134e+16
1511	9.400725e+15	5.157809e-01	5.780581e+00	1.409092e+16
1512	9.402053e+15	7.685823e-01	8.624715e+00	7.170286e+15
1513	9.403325e+15	5.289510e-01	5.381425e+00	2.870407e+16
1514	9.404851e+15	8.906734e-01	9.570834e+00	2.076522e+16
1515	9.406143e+15	4.985789e-01	4.784115e+00	2.168330e+16
1516	9.407693e+15	8.031129e-01	7.774847e+00	6.756587e+15
1517	9.409113e+15	5.084162e-01	4.571324e+00	1.448301e+16
1518	9.410798e+15	9.740047e-01	9.127362e+00	7.642698e+15
1519	9.412142e+15	5.273491e-01	4.154197e+00	2.167934e+16
1520	9.413754e+15	1.489175e+00	1.404726e+01	2.344690e+16
1521	9.414682e+15	7.099290e-01	6.089765e+00	1.469822e+16
1522	9.415591e+15	7.570477e-01	6.474783e+00	7.904717e+15
1523	9.416447e+15	6.302958e-01	4.123590e+00	1.276887e+16
1524	9.417475e+15	6.824870e-01	4.163324e+00	0.000000e+00
1525	9.418708e+15	7.097408e-01	4.192624e+00	7.381608e+15
1526	9.420188e+15	7.855696e-01	5.332778e+00	0.000000e+00
1527	9.421781e+15	7.089292e-01	4.880831e+00	1.521287e+16
1528	9.423588e+15	1.352352e+00	1.084948e+01	1.505256e+16
1529	9.424879e+15	7.613775e-01	5.538978e+00	2.009476e+16
1530	9.426267e+15	1.427441e+00	1.015726e+01	1.496479e+16
1531	9.427327e+15	7.793695e-01	4.587688e+00	6.809740e+15
1532	9.428599e+15	8.189344e-01	4.629505e+00	2.990820e+16
1533	9.430125e+15	1.123693e+00	5.766263e+00	2.662595e+16
1534	9.431778e+15	2.750238e+00	1.635293e+01	4.531901e+16
1535	9.432723e+15	1.433103e+00	7.773575e+00	3.209567e+16
1536	9.433631e+15	1.117687e+00	5.139181e+00	2.335837e+16
1537	9.434721e+15	1.091933e+00	5.124798e+00	1.244735e+16
1538	9.436029e+15	1.034082e+00	5.122046e+00	7.852824e+15
1539	9.437599e+15	2.038920e+00	1.283823e+01	2.282314e+16
1540	9.438718e+15	1.027655e+00	5.249516e+00	1.623538e+16
1541	9.440062e+15	1.425859e+00	8.858116e+00	5.439508e+16
1542	9.441294e+15	9.205029e-01	5.381693e+00	4.487236e+16
1543	9.442773e+15	8.752760e-01	5.685908e+00	3.314556e+16
1544	9.444512e+15	1.773644e+00	1.369493e+01	1.079298e+17
1545	9.445747e+15	7.476192e-01	5.431072e+00	6.265865e+16
1546	9.447228e+15	1.381020e+00	1.215737e+01	6.894432e+16
1547	9.448373e+15	6.543397e-01	5.420714e+00	6.528474e+16
1548	9.449746e+15	7.668139e-01	6.839195e+00	3.762242e+16
1549	9.451222e+15	1.251223e+00	1.237611e+01	7.394494e+16
