# W => 2.0e6
# method => lookup
# mantle temperature => 1573.0
# melting plot interval => 6.3e13
# max step => -1
# nx => 101
# lithosphere thickness => 90000.12
# marky => 12
# plot interval field => 3.15e14
# plot interval marker => 1.575e15
# H => 2.85e6
# g => 10.0
# ny => 143
# Tcmb => 2998.5489127396577
# max time => 9.45e15
# output directory => plume_150000.5_350.0_90000.12
# eclogite frac => 0.2
# markx => 6
1	0.000000e+00	0.000000e+00	0.000000e+00	0.000000e+00
2	1.000000e+10	0.000000e+00	0.000000e+00	0.000000e+00
3	2.200000e+10	0.000000e+00	0.000000e+00	0.000000e+00
4	3.640000e+10	0.000000e+00	0.000000e+00	0.000000e+00
5	5.368000e+10	0.000000e+00	0.000000e+00	0.000000e+00
6	7.441600e+10	0.000000e+00	0.000000e+00	0.000000e+00
7	9.929920e+10	0.000000e+00	0.000000e+00	0.000000e+00
8	1.291590e+11	0.000000e+00	0.000000e+00	0.000000e+00
9	1.649908e+11	0.000000e+00	0.000000e+00	0.000000e+00
10	2.079890e+11	0.000000e+00	0.000000e+00	0.000000e+00
11	2.595868e+11	0.000000e+00	0.000000e+00	0.000000e+00
12	3.215042e+11	0.000000e+00	0.000000e+00	0.000000e+00
13	3.958050e+11	0.000000e+00	0.000000e+00	0.000000e+00
14	4.849660e+11	0.000000e+00	0.000000e+00	0.000000e+00
15	5.919592e+11	0.000000e+00	0.000000e+00	0.000000e+00
16	7.203511e+11	0.000000e+00	0.000000e+00	0.000000e+00
17	8.744213e+11	0.000000e+00	0.000000e+00	0.000000e+00
18	1.059306e+12	0.000000e+00	0.000000e+00	0.000000e+00
19	1.281167e+12	0.000000e+00	0.000000e+00	0.000000e+00
20	1.547400e+12	0.000000e+00	0.000000e+00	0.000000e+00
21	1.866880e+12	0.000000e+00	0.000000e+00	0.000000e+00
22	2.250256e+12	0.000000e+00	0.000000e+00	0.000000e+00
23	2.710307e+12	0.000000e+00	0.000000e+00	0.000000e+00
24	3.262369e+12	0.000000e+00	0.000000e+00	0.000000e+00
25	3.924842e+12	0.000000e+00	0.000000e+00	0.000000e+00
26	4.719811e+12	0.000000e+00	0.000000e+00	0.000000e+00
27	5.673773e+12	0.000000e+00	0.000000e+00	0.000000e+00
28	6.818528e+12	0.000000e+00	0.000000e+00	0.000000e+00
29	8.192233e+12	0.000000e+00	0.000000e+00	0.000000e+00
30	9.840680e+12	0.000000e+00	0.000000e+00	0.000000e+00
31	1.181882e+13	0.000000e+00	0.000000e+00	0.000000e+00
32	1.419258e+13	0.000000e+00	0.000000e+00	0.000000e+00
33	1.704109e+13	0.000000e+00	0.000000e+00	0.000000e+00
34	2.045931e+13	0.000000e+00	0.000000e+00	0.000000e+00
35	2.456118e+13	0.000000e+00	0.000000e+00	0.000000e+00
36	2.948341e+13	0.000000e+00	0.000000e+00	0.000000e+00
37	3.539009e+13	0.000000e+00	0.000000e+00	0.000000e+00
38	4.247811e+13	0.000000e+00	0.000000e+00	0.000000e+00
39	5.098373e+13	0.000000e+00	0.000000e+00	0.000000e+00
40	6.119048e+13	0.000000e+00	0.000000e+00	0.000000e+00
41	7.343858e+13	0.000000e+00	0.000000e+00	0.000000e+00
42	8.813629e+13	0.000000e+00	0.000000e+00	0.000000e+00
43	1.057736e+14	0.000000e+00	0.000000e+00	0.000000e+00
44	1.269383e+14	0.000000e+00	0.000000e+00	0.000000e+00
45	1.523359e+14	0.000000e+00	0.000000e+00	0.000000e+00
46	1.828131e+14	0.000000e+00	0.000000e+00	0.000000e+00
47	2.193857e+14	0.000000e+00	0.000000e+00	0.000000e+00
48	2.632729e+14	0.000000e+00	0.000000e+00	0.000000e+00
49	3.159374e+14	0.000000e+00	0.000000e+00	0.000000e+00
50	3.587104e+14	0.000000e+00	0.000000e+00	0.000000e+00
51	3.856457e+14	0.000000e+00	0.000000e+00	0.000000e+00
52	4.053151e+14	0.000000e+00	0.000000e+00	0.000000e+00
53	4.209315e+14	0.000000e+00	0.000000e+00	0.000000e+00
54	4.340717e+14	0.000000e+00	0.000000e+00	0.000000e+00
55	4.456834e+14	0.000000e+00	0.000000e+00	0.000000e+00
56	4.562185e+14	0.000000e+00	0.000000e+00	0.000000e+00
57	4.660376e+14	0.000000e+00	0.000000e+00	0.000000e+00
58	4.753037e+14	0.000000e+00	0.000000e+00	0.000000e+00
59	4.842672e+14	0.000000e+00	0.000000e+00	0.000000e+00
60	4.930013e+14	0.000000e+00	0.000000e+00	0.000000e+00
61	5.015750e+14	0.000000e+00	0.000000e+00	0.000000e+00
62	5.100536e+14	0.000000e+00	0.000000e+00	0.000000e+00
63	5.184394e+14	0.000000e+00	0.000000e+00	0.000000e+00
64	5.268998e+14	0.000000e+00	0.000000e+00	0.000000e+00
65	5.354478e+14	0.000000e+00	0.000000e+00	0.000000e+00
66	5.441638e+14	0.000000e+00	0.000000e+00	0.000000e+00
67	5.526709e+14	0.000000e+00	0.000000e+00	0.000000e+00
68	5.609898e+14	0.000000e+00	0.000000e+00	0.000000e+00
69	5.691117e+14	0.000000e+00	0.000000e+00	0.000000e+00
70	5.770987e+14	0.000000e+00	0.000000e+00	0.000000e+00
71	5.839682e+14	0.000000e+00	0.000000e+00	0.000000e+00
72	5.911751e+14	0.000000e+00	0.000000e+00	0.000000e+00
73	5.989130e+14	0.000000e+00	0.000000e+00	0.000000e+00
74	6.066497e+14	0.000000e+00	0.000000e+00	0.000000e+00
75	6.143976e+14	0.000000e+00	0.000000e+00	0.000000e+00
76	6.221819e+14	0.000000e+00	0.000000e+00	0.000000e+00
77	6.300063e+14	0.000000e+00	0.000000e+00	0.000000e+00
78	6.379472e+14	0.000000e+00	0.000000e+00	0.000000e+00
79	6.459850e+14	0.000000e+00	0.000000e+00	0.000000e+00
80	6.541290e+14	0.000000e+00	0.000000e+00	0.000000e+00
81	6.624732e+14	0.000000e+00	0.000000e+00	0.000000e+00
82	6.709327e+14	0.000000e+00	0.000000e+00	0.000000e+00
83	6.795730e+14	0.000000e+00	0.000000e+00	0.000000e+00
84	6.883784e+14	0.000000e+00	0.000000e+00	0.000000e+00
85	6.973464e+14	0.000000e+00	0.000000e+00	0.000000e+00
86	7.062060e+14	0.000000e+00	0.000000e+00	0.000000e+00
87	7.150143e+14	0.000000e+00	0.000000e+00	0.000000e+00
88	7.237679e+14	0.000000e+00	0.000000e+00	0.000000e+00
89	7.324521e+14	0.000000e+00	0.000000e+00	0.000000e+00
90	7.411803e+14	0.000000e+00	0.000000e+00	0.000000e+00
91	7.498614e+14	0.000000e+00	0.000000e+00	0.000000e+00
92	7.585050e+14	0.000000e+00	0.000000e+00	0.000000e+00
93	7.671217e+14	0.000000e+00	0.000000e+00	0.000000e+00
94	7.756965e+14	0.000000e+00	0.000000e+00	0.000000e+00
95	7.842673e+14	0.000000e+00	0.000000e+00	0.000000e+00
96	7.928692e+14	0.000000e+00	0.000000e+00	0.000000e+00
97	8.014745e+14	0.000000e+00	0.000000e+00	0.000000e+00
98	8.101198e+14	0.000000e+00	0.000000e+00	0.000000e+00
99	8.188249e+14	0.000000e+00	0.000000e+00	0.000000e+00
100	8.275905e+14	0.000000e+00	0.000000e+00	0.000000e+00
101	8.365069e+14	0.000000e+00	0.000000e+00	0.000000e+00
102	8.455018e+14	0.000000e+00	0.000000e+00	0.000000e+00
103	8.546457e+14	0.000000e+00	0.000000e+00	0.000000e+00
104	8.639160e+14	0.000000e+00	0.000000e+00	0.000000e+00
105	8.733018e+14	0.000000e+00	0.000000e+00	0.000000e+00
106	8.829205e+14	0.000000e+00	0.000000e+00	0.000000e+00
107	8.926475e+14	0.000000e+00	0.000000e+00	0.000000e+00
108	9.025586e+14	0.000000e+00	0.000000e+00	0.000000e+00
109	9.126435e+14	0.000000e+00	0.000000e+00	0.000000e+00
110	9.229163e+14	0.000000e+00	0.000000e+00	0.000000e+00
111	9.334184e+14	0.000000e+00	0.000000e+00	0.000000e+00
112	9.440523e+14	0.000000e+00	0.000000e+00	0.000000e+00
113	9.549085e+14	0.000000e+00	0.000000e+00	0.000000e+00
114	9.659936e+14	0.000000e+00	0.000000e+00	0.000000e+00
115	9.772564e+14	0.000000e+00	0.000000e+00	0.000000e+00
116	9.888141e+14	0.000000e+00	0.000000e+00	0.000000e+00
117	1.000662e+15	0.000000e+00	0.000000e+00	0.000000e+00
118	1.012805e+15	0.000000e+00	0.000000e+00	0.000000e+00
119	1.025166e+15	0.000000e+00	0.000000e+00	0.000000e+00
120	1.037739e+15	0.000000e+00	0.000000e+00	0.000000e+00
121	1.050181e+15	0.000000e+00	0.000000e+00	0.000000e+00
122	1.062768e+15	0.000000e+00	0.000000e+00	0.000000e+00
123	1.075281e+15	0.000000e+00	0.000000e+00	0.000000e+00
124	1.087460e+15	0.000000e+00	0.000000e+00	0.000000e+00
125	1.099418e+15	0.000000e+00	0.000000e+00	0.000000e+00
126	1.111216e+15	0.000000e+00	0.000000e+00	0.000000e+00
127	1.122983e+15	0.000000e+00	0.000000e+00	0.000000e+00
128	1.134701e+15	0.000000e+00	0.000000e+00	0.000000e+00
129	1.146374e+15	0.000000e+00	0.000000e+00	0.000000e+00
130	1.158339e+15	0.000000e+00	0.000000e+00	0.000000e+00
131	1.170293e+15	0.000000e+00	0.000000e+00	0.000000e+00
132	1.182269e+15	0.000000e+00	0.000000e+00	0.000000e+00
133	1.194259e+15	0.000000e+00	0.000000e+00	0.000000e+00
134	1.205996e+15	0.000000e+00	0.000000e+00	0.000000e+00
135	1.217578e+15	0.000000e+00	0.000000e+00	0.000000e+00
136	1.229321e+15	0.000000e+00	0.000000e+00	0.000000e+00
137	1.241361e+15	0.000000e+00	0.000000e+00	0.000000e+00
138	1.253113e+15	0.000000e+00	0.000000e+00	0.000000e+00
139	1.265163e+15	0.000000e+00	0.000000e+00	0.000000e+00
140	1.277319e+15	0.000000e+00	0.000000e+00	0.000000e+00
141	1.289188e+15	0.000000e+00	0.000000e+00	0.000000e+00
142	1.300919e+15	0.000000e+00	0.000000e+00	0.000000e+00
143	1.312601e+15	0.000000e+00	0.000000e+00	0.000000e+00
144	1.324026e+15	0.000000e+00	0.000000e+00	0.000000e+00
145	1.335386e+15	0.000000e+00	0.000000e+00	0.000000e+00
146	1.346730e+15	0.000000e+00	0.000000e+00	0.000000e+00
147	1.358194e+15	0.000000e+00	0.000000e+00	0.000000e+00
148	1.369975e+15	0.000000e+00	0.000000e+00	0.000000e+00
149	1.380764e+15	0.000000e+00	0.000000e+00	0.000000e+00
150	1.390647e+15	0.000000e+00	0.000000e+00	0.000000e+00
151	1.402508e+15	0.000000e+00	0.000000e+00	0.000000e+00
152	1.414656e+15	0.000000e+00	0.000000e+00	0.000000e+00
153	1.426714e+15	0.000000e+00	0.000000e+00	0.000000e+00
154	1.438919e+15	0.000000e+00	0.000000e+00	0.000000e+00
155	1.451446e+15	0.000000e+00	0.000000e+00	0.000000e+00
156	1.464089e+15	0.000000e+00	0.000000e+00	0.000000e+00
157	1.476895e+15	0.000000e+00	0.000000e+00	0.000000e+00
158	1.489946e+15	0.000000e+00	0.000000e+00	0.000000e+00
159	1.502882e+15	0.000000e+00	0.000000e+00	0.000000e+00
160	1.514566e+15	0.000000e+00	0.000000e+00	0.000000e+00
161	1.527193e+15	0.000000e+00	0.000000e+00	0.000000e+00
162	1.540154e+15	0.000000e+00	0.000000e+00	0.000000e+00
163	1.553296e+15	0.000000e+00	0.000000e+00	0.000000e+00
164	1.566647e+15	0.000000e+00	0.000000e+00	0.000000e+00
165	1.580162e+15	0.000000e+00	0.000000e+00	0.000000e+00
166	1.593802e+15	0.000000e+00	0.000000e+00	0.000000e+00
167	1.607638e+15	0.000000e+00	0.000000e+00	0.000000e+00
168	1.621676e+15	0.000000e+00	0.000000e+00	0.000000e+00
169	1.635710e+15	0.000000e+00	0.000000e+00	0.000000e+00
170	1.648480e+15	0.000000e+00	0.000000e+00	0.000000e+00
171	1.662719e+15	0.000000e+00	0.000000e+00	0.000000e+00
172	1.674909e+15	0.000000e+00	0.000000e+00	0.000000e+00
173	1.688112e+15	0.000000e+00	0.000000e+00	0.000000e+00
174	1.700280e+15	0.000000e+00	0.000000e+00	0.000000e+00
175	1.714373e+15	0.000000e+00	0.000000e+00	0.000000e+00
176	1.728654e+15	0.000000e+00	0.000000e+00	0.000000e+00
177	1.742856e+15	0.000000e+00	0.000000e+00	0.000000e+00
178	1.756965e+15	0.000000e+00	0.000000e+00	0.000000e+00
179	1.770023e+15	0.000000e+00	0.000000e+00	0.000000e+00
180	1.780905e+15	0.000000e+00	0.000000e+00	0.000000e+00
181	1.791922e+15	0.000000e+00	0.000000e+00	0.000000e+00
182	1.805141e+15	0.000000e+00	0.000000e+00	0.000000e+00
183	1.816449e+15	0.000000e+00	0.000000e+00	0.000000e+00
184	1.827607e+15	0.000000e+00	0.000000e+00	0.000000e+00
185	1.840998e+15	0.000000e+00	0.000000e+00	0.000000e+00
186	1.853880e+15	0.000000e+00	0.000000e+00	0.000000e+00
187	1.864761e+15	0.000000e+00	0.000000e+00	0.000000e+00
188	1.877819e+15	0.000000e+00	0.000000e+00	0.000000e+00
189	1.892875e+15	0.000000e+00	0.000000e+00	0.000000e+00
190	1.905245e+15	0.000000e+00	0.000000e+00	0.000000e+00
191	1.918286e+15	0.000000e+00	0.000000e+00	0.000000e+00
192	1.931863e+15	0.000000e+00	0.000000e+00	0.000000e+00
193	1.945593e+15	0.000000e+00	0.000000e+00	0.000000e+00
194	1.957432e+15	0.000000e+00	0.000000e+00	0.000000e+00
195	1.970487e+15	0.000000e+00	0.000000e+00	0.000000e+00
196	1.983082e+15	0.000000e+00	0.000000e+00	0.000000e+00
197	1.995385e+15	0.000000e+00	0.000000e+00	0.000000e+00
198	2.007446e+15	0.000000e+00	0.000000e+00	0.000000e+00
199	2.019462e+15	0.000000e+00	0.000000e+00	0.000000e+00
200	2.031475e+15	0.000000e+00	0.000000e+00	0.000000e+00
201	2.043543e+15	0.000000e+00	0.000000e+00	0.000000e+00
202	2.055776e+15	0.000000e+00	0.000000e+00	0.000000e+00
203	2.067935e+15	0.000000e+00	0.000000e+00	0.000000e+00
204	2.080064e+15	0.000000e+00	0.000000e+00	0.000000e+00
205	2.091434e+15	0.000000e+00	0.000000e+00	0.000000e+00
206	2.103675e+15	0.000000e+00	0.000000e+00	0.000000e+00
207	2.115696e+15	0.000000e+00	0.000000e+00	0.000000e+00
208	2.127626e+15	0.000000e+00	0.000000e+00	0.000000e+00
209	2.139235e+15	0.000000e+00	0.000000e+00	0.000000e+00
210	2.150564e+15	0.000000e+00	0.000000e+00	0.000000e+00
211	2.161689e+15	0.000000e+00	0.000000e+00	0.000000e+00
212	2.172651e+15	0.000000e+00	0.000000e+00	0.000000e+00
213	2.183242e+15	0.000000e+00	0.000000e+00	0.000000e+00
214	2.193745e+15	0.000000e+00	0.000000e+00	0.000000e+00
215	2.203999e+15	0.000000e+00	0.000000e+00	0.000000e+00
216	2.213951e+15	0.000000e+00	0.000000e+00	0.000000e+00
217	2.223867e+15	0.000000e+00	0.000000e+00	0.000000e+00
218	2.233548e+15	0.000000e+00	0.000000e+00	0.000000e+00
219	2.243063e+15	0.000000e+00	0.000000e+00	0.000000e+00
220	2.252512e+15	0.000000e+00	0.000000e+00	0.000000e+00
221	2.261735e+15	0.000000e+00	0.000000e+00	0.000000e+00
222	2.270852e+15	0.000000e+00	0.000000e+00	0.000000e+00
223	2.279868e+15	0.000000e+00	0.000000e+00	0.000000e+00
224	2.288737e+15	0.000000e+00	0.000000e+00	0.000000e+00
225	2.297553e+15	0.000000e+00	0.000000e+00	0.000000e+00
226	2.306271e+15	0.000000e+00	0.000000e+00	0.000000e+00
227	2.314938e+15	0.000000e+00	0.000000e+00	0.000000e+00
228	2.323540e+15	0.000000e+00	0.000000e+00	0.000000e+00
229	2.332094e+15	0.000000e+00	0.000000e+00	0.000000e+00
230	2.340602e+15	0.000000e+00	0.000000e+00	0.000000e+00
231	2.349139e+15	0.000000e+00	0.000000e+00	0.000000e+00
232	2.357619e+15	0.000000e+00	0.000000e+00	0.000000e+00
233	2.366109e+15	0.000000e+00	0.000000e+00	0.000000e+00
234	2.374639e+15	0.000000e+00	0.000000e+00	0.000000e+00
235	2.383155e+15	0.000000e+00	0.000000e+00	0.000000e+00
236	2.391665e+15	0.000000e+00	0.000000e+00	0.000000e+00
237	2.400225e+15	0.000000e+00	0.000000e+00	0.000000e+00
238	2.408771e+15	0.000000e+00	0.000000e+00	0.000000e+00
239	2.417373e+15	0.000000e+00	0.000000e+00	0.000000e+00
240	2.425989e+15	0.000000e+00	0.000000e+00	0.000000e+00
241	2.434675e+15	0.000000e+00	0.000000e+00	0.000000e+00
242	2.443439e+15	0.000000e+00	0.000000e+00	0.000000e+00
243	2.451053e+15	0.000000e+00	0.000000e+00	0.000000e+00
244	2.459912e+15	0.000000e+00	0.000000e+00	0.000000e+00
245	2.468910e+15	0.000000e+00	0.000000e+00	0.000000e+00
246	2.478032e+15	0.000000e+00	0.000000e+00	0.000000e+00
247	2.487186e+15	0.000000e+00	0.000000e+00	0.000000e+00
248	2.496535e+15	0.000000e+00	0.000000e+00	0.000000e+00
249	2.505979e+15	0.000000e+00	0.000000e+00	0.000000e+00
250	2.515566e+15	0.000000e+00	0.000000e+00	0.000000e+00
251	2.525359e+15	0.000000e+00	0.000000e+00	0.000000e+00
252	2.535077e+15	0.000000e+00	0.000000e+00	0.000000e+00
253	2.544762e+15	0.000000e+00	0.000000e+00	0.000000e+00
254	2.554487e+15	0.000000e+00	0.000000e+00	0.000000e+00
255	2.564276e+15	0.000000e+00	0.000000e+00	0.000000e+00
256	2.574091e+15	0.000000e+00	0.000000e+00	0.000000e+00
257	2.583892e+15	0.000000e+00	0.000000e+00	0.000000e+00
258	2.593623e+15	0.000000e+00	0.000000e+00	0.000000e+00
259	2.601498e+15	0.000000e+00	0.000000e+00	0.000000e+00
260	2.610883e+15	0.000000e+00	0.000000e+00	0.000000e+00
261	2.620083e+15	0.000000e+00	0.000000e+00	0.000000e+00
262	2.629050e+15	0.000000e+00	0.000000e+00	0.000000e+00
263	2.637863e+15	0.000000e+00	0.000000e+00	0.000000e+00
264	2.646560e+15	0.000000e+00	0.000000e+00	0.000000e+00
265	2.655130e+15	0.000000e+00	0.000000e+00	0.000000e+00
266	2.663605e+15	0.000000e+00	0.000000e+00	0.000000e+00
267	2.671994e+15	0.000000e+00	0.000000e+00	0.000000e+00
268	2.680302e+15	0.000000e+00	0.000000e+00	0.000000e+00
269	2.688477e+15	0.000000e+00	0.000000e+00	0.000000e+00
270	2.696548e+15	0.000000e+00	0.000000e+00	0.000000e+00
271	2.704467e+15	0.000000e+00	0.000000e+00	0.000000e+00
272	2.712086e+15	0.000000e+00	0.000000e+00	0.000000e+00
273	2.719398e+15	0.000000e+00	0.000000e+00	0.000000e+00
274	2.726428e+15	0.000000e+00	0.000000e+00	0.000000e+00
275	2.733216e+15	0.000000e+00	0.000000e+00	0.000000e+00
276	2.739831e+15	0.000000e+00	0.000000e+00	0.000000e+00
277	2.746343e+15	0.000000e+00	0.000000e+00	0.000000e+00
278	2.752799e+15	0.000000e+00	0.000000e+00	0.000000e+00
279	2.759134e+15	0.000000e+00	0.000000e+00	0.000000e+00
280	2.765374e+15	0.000000e+00	0.000000e+00	0.000000e+00
281	2.771538e+15	0.000000e+00	0.000000e+00	0.000000e+00
282	2.777666e+15	0.000000e+00	0.000000e+00	0.000000e+00
283	2.783762e+15	0.000000e+00	0.000000e+00	0.000000e+00
284	2.789839e+15	0.000000e+00	0.000000e+00	0.000000e+00
285	2.795914e+15	0.000000e+00	0.000000e+00	0.000000e+00
286	2.801995e+15	0.000000e+00	0.000000e+00	0.000000e+00
287	2.808063e+15	0.000000e+00	0.000000e+00	0.000000e+00
288	2.814120e+15	0.000000e+00	0.000000e+00	0.000000e+00
289	2.820175e+15	0.000000e+00	0.000000e+00	0.000000e+00
290	2.826245e+15	0.000000e+00	0.000000e+00	0.000000e+00
291	2.832352e+15	0.000000e+00	0.000000e+00	0.000000e+00
292	2.838514e+15	0.000000e+00	0.000000e+00	0.000000e+00
293	2.844746e+15	0.000000e+00	0.000000e+00	0.000000e+00
294	2.851062e+15	0.000000e+00	0.000000e+00	0.000000e+00
295	2.857432e+15	0.000000e+00	0.000000e+00	0.000000e+00
296	2.863874e+15	0.000000e+00	0.000000e+00	0.000000e+00
297	2.870369e+15	0.000000e+00	0.000000e+00	0.000000e+00
298	2.876969e+15	0.000000e+00	0.000000e+00	0.000000e+00
299	2.883649e+15	0.000000e+00	0.000000e+00	0.000000e+00
300	2.890407e+15	0.000000e+00	0.000000e+00	0.000000e+00
301	2.897259e+15	0.000000e+00	0.000000e+00	0.000000e+00
302	2.904205e+15	0.000000e+00	0.000000e+00	0.000000e+00
303	2.911253e+15	0.000000e+00	0.000000e+00	0.000000e+00
304	2.918402e+15	0.000000e+00	0.000000e+00	0.000000e+00
305	2.925656e+15	0.000000e+00	0.000000e+00	0.000000e+00
306	2.933019e+15	0.000000e+00	0.000000e+00	0.000000e+00
307	2.940494e+15	0.000000e+00	0.000000e+00	0.000000e+00
308	2.948093e+15	0.000000e+00	0.000000e+00	0.000000e+00
309	2.955822e+15	0.000000e+00	0.000000e+00	0.000000e+00
310	2.963721e+15	0.000000e+00	0.000000e+00	0.000000e+00
311	2.971729e+15	0.000000e+00	0.000000e+00	0.000000e+00
312	2.979781e+15	0.000000e+00	0.000000e+00	0.000000e+00
313	2.987849e+15	0.000000e+00	0.000000e+00	0.000000e+00
314	2.995944e+15	0.000000e+00	0.000000e+00	0.000000e+00
315	3.004088e+15	0.000000e+00	0.000000e+00	0.000000e+00
316	3.012289e+15	0.000000e+00	0.000000e+00	0.000000e+00
317	3.020562e+15	0.000000e+00	0.000000e+00	0.000000e+00
318	3.028850e+15	0.000000e+00	0.000000e+00	0.000000e+00
319	3.037186e+15	0.000000e+00	0.000000e+00	0.000000e+00
320	3.045588e+15	0.000000e+00	0.000000e+00	0.000000e+00
321	3.054081e+15	0.000000e+00	0.000000e+00	0.000000e+00
322	3.062692e+15	0.000000e+00	0.000000e+00	0.000000e+00
323	3.071407e+15	0.000000e+00	0.000000e+00	0.000000e+00
324	3.080234e+15	0.000000e+00	0.000000e+00	0.000000e+00
325	3.089136e+15	0.000000e+00	0.000000e+00	0.000000e+00
326	3.098065e+15	0.000000e+00	0.000000e+00	0.000000e+00
327	3.107076e+15	0.000000e+00	0.000000e+00	0.000000e+00
328	3.116196e+15	0.000000e+00	0.000000e+00	0.000000e+00
329	3.125437e+15	0.000000e+00	0.000000e+00	0.000000e+00
330	3.134856e+15	0.000000e+00	0.000000e+00	0.000000e+00
331	3.144342e+15	0.000000e+00	0.000000e+00	0.000000e+00
332	3.153901e+15	0.000000e+00	0.000000e+00	0.000000e+00
333	3.163573e+15	0.000000e+00	0.000000e+00	0.000000e+00
334	3.173324e+15	0.000000e+00	0.000000e+00	0.000000e+00
335	3.183205e+15	0.000000e+00	0.000000e+00	0.000000e+00
336	3.192867e+15	0.000000e+00	0.000000e+00	0.000000e+00
337	3.203149e+15	0.000000e+00	0.000000e+00	0.000000e+00
338	3.213666e+15	0.000000e+00	0.000000e+00	0.000000e+00
339	3.223833e+15	0.000000e+00	0.000000e+00	0.000000e+00
340	3.233492e+15	0.000000e+00	0.000000e+00	0.000000e+00
341	3.243591e+15	0.000000e+00	0.000000e+00	0.000000e+00
342	3.252755e+15	0.000000e+00	0.000000e+00	0.000000e+00
343	3.262493e+15	0.000000e+00	0.000000e+00	0.000000e+00
344	3.272573e+15	0.000000e+00	0.000000e+00	0.000000e+00
345	3.283190e+15	0.000000e+00	0.000000e+00	0.000000e+00
346	3.294161e+15	0.000000e+00	0.000000e+00	0.000000e+00
347	3.303535e+15	0.000000e+00	0.000000e+00	0.000000e+00
348	3.314176e+15	0.000000e+00	0.000000e+00	0.000000e+00
349	3.325895e+15	0.000000e+00	0.000000e+00	0.000000e+00
350	3.337212e+15	0.000000e+00	0.000000e+00	0.000000e+00
351	3.349810e+15	0.000000e+00	0.000000e+00	0.000000e+00
352	3.362569e+15	0.000000e+00	0.000000e+00	0.000000e+00
353	3.375070e+15	0.000000e+00	0.000000e+00	0.000000e+00
354	3.386877e+15	0.000000e+00	0.000000e+00	0.000000e+00
355	3.399060e+15	0.000000e+00	0.000000e+00	0.000000e+00
356	3.411218e+15	0.000000e+00	0.000000e+00	0.000000e+00
357	3.423214e+15	0.000000e+00	0.000000e+00	0.000000e+00
358	3.435142e+15	0.000000e+00	0.000000e+00	0.000000e+00
359	3.446935e+15	0.000000e+00	0.000000e+00	0.000000e+00
360	3.458687e+15	0.000000e+00	0.000000e+00	0.000000e+00
361	3.470371e+15	0.000000e+00	0.000000e+00	0.000000e+00
362	3.482141e+15	0.000000e+00	0.000000e+00	0.000000e+00
363	3.493801e+15	0.000000e+00	0.000000e+00	0.000000e+00
364	3.505433e+15	0.000000e+00	0.000000e+00	0.000000e+00
365	3.516998e+15	0.000000e+00	0.000000e+00	0.000000e+00
366	3.528466e+15	0.000000e+00	0.000000e+00	0.000000e+00
367	3.540075e+15	0.000000e+00	0.000000e+00	0.000000e+00
368	3.551661e+15	0.000000e+00	0.000000e+00	0.000000e+00
369	3.563204e+15	0.000000e+00	0.000000e+00	0.000000e+00
370	3.574801e+15	0.000000e+00	0.000000e+00	0.000000e+00
371	3.586352e+15	0.000000e+00	0.000000e+00	0.000000e+00
372	3.597905e+15	0.000000e+00	0.000000e+00	0.000000e+00
373	3.609638e+15	0.000000e+00	0.000000e+00	0.000000e+00
374	3.621380e+15	0.000000e+00	0.000000e+00	0.000000e+00
375	3.633095e+15	0.000000e+00	0.000000e+00	0.000000e+00
376	3.644980e+15	0.000000e+00	0.000000e+00	0.000000e+00
377	3.656967e+15	0.000000e+00	0.000000e+00	0.000000e+00
378	3.668949e+15	0.000000e+00	0.000000e+00	0.000000e+00
379	3.681050e+15	0.000000e+00	0.000000e+00	0.000000e+00
380	3.693304e+15	0.000000e+00	0.000000e+00	0.000000e+00
381	3.705655e+15	0.000000e+00	0.000000e+00	0.000000e+00
382	3.718124e+15	0.000000e+00	0.000000e+00	0.000000e+00
383	3.730695e+15	0.000000e+00	0.000000e+00	0.000000e+00
384	3.743172e+15	0.000000e+00	0.000000e+00	0.000000e+00
385	3.755750e+15	0.000000e+00	0.000000e+00	0.000000e+00
386	3.768280e+15	0.000000e+00	0.000000e+00	0.000000e+00
387	3.780838e+15	0.000000e+00	0.000000e+00	0.000000e+00
388	3.793291e+15	0.000000e+00	0.000000e+00	0.000000e+00
389	3.805601e+15	0.000000e+00	0.000000e+00	0.000000e+00
390	3.817887e+15	0.000000e+00	0.000000e+00	0.000000e+00
391	3.830084e+15	0.000000e+00	0.000000e+00	0.000000e+00
392	3.842182e+15	0.000000e+00	0.000000e+00	0.000000e+00
393	3.854287e+15	0.000000e+00	0.000000e+00	0.000000e+00
394	3.866449e+15	0.000000e+00	0.000000e+00	0.000000e+00
395	3.878611e+15	0.000000e+00	0.000000e+00	0.000000e+00
396	3.890291e+15	0.000000e+00	0.000000e+00	0.000000e+00
397	3.901101e+15	0.000000e+00	0.000000e+00	0.000000e+00
398	3.913434e+15	0.000000e+00	0.000000e+00	0.000000e+00
399	3.925719e+15	0.000000e+00	0.000000e+00	0.000000e+00
400	3.938069e+15	0.000000e+00	0.000000e+00	0.000000e+00
401	3.950422e+15	0.000000e+00	0.000000e+00	0.000000e+00
402	3.962676e+15	0.000000e+00	0.000000e+00	0.000000e+00
403	3.974964e+15	0.000000e+00	0.000000e+00	0.000000e+00
404	3.987330e+15	0.000000e+00	0.000000e+00	0.000000e+00
405	3.999738e+15	0.000000e+00	0.000000e+00	0.000000e+00
406	4.012290e+15	0.000000e+00	0.000000e+00	0.000000e+00
407	4.025039e+15	0.000000e+00	0.000000e+00	0.000000e+00
408	4.038045e+15	0.000000e+00	0.000000e+00	0.000000e+00
409	4.051128e+15	0.000000e+00	0.000000e+00	0.000000e+00
410	4.064263e+15	0.000000e+00	0.000000e+00	0.000000e+00
411	4.077532e+15	0.000000e+00	0.000000e+00	0.000000e+00
412	4.090934e+15	0.000000e+00	0.000000e+00	0.000000e+00
413	4.104516e+15	0.000000e+00	0.000000e+00	0.000000e+00
414	4.118272e+15	0.000000e+00	0.000000e+00	0.000000e+00
415	4.132379e+15	0.000000e+00	0.000000e+00	0.000000e+00
416	4.146698e+15	0.000000e+00	0.000000e+00	0.000000e+00
417	4.160973e+15	0.000000e+00	0.000000e+00	0.000000e+00
418	4.175207e+15	0.000000e+00	0.000000e+00	0.000000e+00
419	4.189560e+15	0.000000e+00	0.000000e+00	0.000000e+00
420	4.204095e+15	0.000000e+00	0.000000e+00	0.000000e+00
421	4.218637e+15	0.000000e+00	0.000000e+00	0.000000e+00
422	4.233188e+15	0.000000e+00	0.000000e+00	0.000000e+00
423	4.247995e+15	0.000000e+00	0.000000e+00	0.000000e+00
424	4.262892e+15	0.000000e+00	0.000000e+00	0.000000e+00
425	4.277973e+15	0.000000e+00	0.000000e+00	0.000000e+00
426	4.293332e+15	0.000000e+00	0.000000e+00	0.000000e+00
427	4.308966e+15	0.000000e+00	0.000000e+00	0.000000e+00
428	4.324961e+15	0.000000e+00	0.000000e+00	0.000000e+00
429	4.341224e+15	0.000000e+00	0.000000e+00	0.000000e+00
430	4.356359e+15	0.000000e+00	0.000000e+00	0.000000e+00
431	4.371708e+15	0.000000e+00	0.000000e+00	0.000000e+00
432	4.388181e+15	0.000000e+00	0.000000e+00	0.000000e+00
433	4.404846e+15	0.000000e+00	0.000000e+00	0.000000e+00
434	4.421835e+15	0.000000e+00	0.000000e+00	0.000000e+00
435	4.438775e+15	0.000000e+00	0.000000e+00	0.000000e+00
436	4.456155e+15	0.000000e+00	0.000000e+00	0.000000e+00
437	4.470419e+15	0.000000e+00	0.000000e+00	0.000000e+00
438	4.487536e+15	0.000000e+00	0.000000e+00	0.000000e+00
439	4.502291e+15	0.000000e+00	0.000000e+00	0.000000e+00
440	4.518343e+15	0.000000e+00	0.000000e+00	0.000000e+00
441	4.536322e+15	0.000000e+00	0.000000e+00	0.000000e+00
442	4.554722e+15	0.000000e+00	0.000000e+00	0.000000e+00
443	4.571194e+15	0.000000e+00	0.000000e+00	0.000000e+00
444	4.585877e+15	0.000000e+00	0.000000e+00	0.000000e+00
445	4.602854e+15	0.000000e+00	0.000000e+00	0.000000e+00
446	4.620792e+15	0.000000e+00	0.000000e+00	0.000000e+00
447	4.634909e+15	0.000000e+00	0.000000e+00	0.000000e+00
448	4.650031e+15	0.000000e+00	0.000000e+00	0.000000e+00
449	4.666726e+15	0.000000e+00	0.000000e+00	0.000000e+00
450	4.679162e+15	0.000000e+00	0.000000e+00	0.000000e+00
451	4.694084e+15	0.000000e+00	0.000000e+00	0.000000e+00
452	4.710489e+15	0.000000e+00	0.000000e+00	0.000000e+00
453	4.725838e+15	0.000000e+00	0.000000e+00	0.000000e+00
454	4.741816e+15	0.000000e+00	0.000000e+00	0.000000e+00
455	4.760990e+15	0.000000e+00	0.000000e+00	0.000000e+00
456	4.779285e+15	0.000000e+00	0.000000e+00	0.000000e+00
457	4.800394e+15	0.000000e+00	0.000000e+00	0.000000e+00
458	4.819868e+15	0.000000e+00	0.000000e+00	0.000000e+00
459	4.837527e+15	0.000000e+00	0.000000e+00	0.000000e+00
460	4.854142e+15	0.000000e+00	0.000000e+00	0.000000e+00
461	4.869705e+15	0.000000e+00	0.000000e+00	0.000000e+00
462	4.884263e+15	0.000000e+00	0.000000e+00	0.000000e+00
463	4.898235e+15	0.000000e+00	0.000000e+00	0.000000e+00
464	4.911797e+15	0.000000e+00	0.000000e+00	0.000000e+00
465	4.925344e+15	0.000000e+00	0.000000e+00	0.000000e+00
466	4.938635e+15	0.000000e+00	0.000000e+00	0.000000e+00
467	4.951627e+15	0.000000e+00	0.000000e+00	0.000000e+00
468	4.964971e+15	0.000000e+00	0.000000e+00	0.000000e+00
469	4.978148e+15	0.000000e+00	0.000000e+00	0.000000e+00
470	4.991101e+15	0.000000e+00	0.000000e+00	0.000000e+00
471	5.004275e+15	0.000000e+00	0.000000e+00	0.000000e+00
472	5.017489e+15	0.000000e+00	0.000000e+00	0.000000e+00
473	5.030527e+15	0.000000e+00	0.000000e+00	0.000000e+00
474	5.043326e+15	0.000000e+00	0.000000e+00	0.000000e+00
475	5.055806e+15	0.000000e+00	0.000000e+00	0.000000e+00
476	5.067882e+15	0.000000e+00	0.000000e+00	0.000000e+00
477	5.079695e+15	0.000000e+00	0.000000e+00	0.000000e+00
478	5.091241e+15	0.000000e+00	0.000000e+00	0.000000e+00
479	5.102607e+15	0.000000e+00	0.000000e+00	0.000000e+00
480	5.113818e+15	0.000000e+00	0.000000e+00	0.000000e+00
481	5.124994e+15	0.000000e+00	0.000000e+00	0.000000e+00
482	5.136133e+15	0.000000e+00	0.000000e+00	0.000000e+00
483	5.147273e+15	0.000000e+00	0.000000e+00	0.000000e+00
484	5.158466e+15	0.000000e+00	0.000000e+00	0.000000e+00
485	5.169619e+15	0.000000e+00	0.000000e+00	0.000000e+00
486	5.180528e+15	0.000000e+00	0.000000e+00	0.000000e+00
487	5.190849e+15	0.000000e+00	0.000000e+00	0.000000e+00
488	5.200702e+15	0.000000e+00	0.000000e+00	0.000000e+00
489	5.210187e+15	0.000000e+00	0.000000e+00	0.000000e+00
490	5.219412e+15	0.000000e+00	0.000000e+00	0.000000e+00
491	5.228439e+15	0.000000e+00	0.000000e+00	0.000000e+00
492	5.237468e+15	0.000000e+00	0.000000e+00	0.000000e+00
493	5.246479e+15	0.000000e+00	0.000000e+00	0.000000e+00
494	5.255410e+15	0.000000e+00	0.000000e+00	0.000000e+00
495	5.264504e+15	0.000000e+00	0.000000e+00	0.000000e+00
496	5.273866e+15	0.000000e+00	0.000000e+00	0.000000e+00
497	5.283319e+15	0.000000e+00	0.000000e+00	0.000000e+00
498	5.292989e+15	0.000000e+00	0.000000e+00	0.000000e+00
499	5.302934e+15	0.000000e+00	0.000000e+00	0.000000e+00
500	5.313159e+15	0.000000e+00	0.000000e+00	0.000000e+00
501	5.323633e+15	0.000000e+00	0.000000e+00	0.000000e+00
502	5.334368e+15	0.000000e+00	0.000000e+00	0.000000e+00
503	5.345106e+15	0.000000e+00	0.000000e+00	0.000000e+00
504	5.355723e+15	0.000000e+00	0.000000e+00	0.000000e+00
505	5.366262e+15	0.000000e+00	0.000000e+00	0.000000e+00
506	5.376731e+15	0.000000e+00	0.000000e+00	0.000000e+00
507	5.387194e+15	0.000000e+00	0.000000e+00	0.000000e+00
508	5.397868e+15	0.000000e+00	0.000000e+00	0.000000e+00
509	5.408686e+15	0.000000e+00	0.000000e+00	0.000000e+00
510	5.419627e+15	0.000000e+00	0.000000e+00	0.000000e+00
511	5.430872e+15	0.000000e+00	0.000000e+00	0.000000e+00
512	5.442468e+15	0.000000e+00	0.000000e+00	0.000000e+00
513	5.454231e+15	0.000000e+00	0.000000e+00	0.000000e+00
514	5.466219e+15	0.000000e+00	0.000000e+00	0.000000e+00
515	5.478444e+15	0.000000e+00	0.000000e+00	0.000000e+00
516	5.490721e+15	0.000000e+00	0.000000e+00	0.000000e+00
517	5.503087e+15	0.000000e+00	0.000000e+00	0.000000e+00
518	5.515641e+15	0.000000e+00	0.000000e+00	0.000000e+00
519	5.528307e+15	0.000000e+00	0.000000e+00	0.000000e+00
520	5.541204e+15	0.000000e+00	0.000000e+00	0.000000e+00
521	5.554198e+15	0.000000e+00	0.000000e+00	0.000000e+00
522	5.567460e+15	0.000000e+00	0.000000e+00	0.000000e+00
523	5.580902e+15	0.000000e+00	0.000000e+00	0.000000e+00
524	5.594552e+15	0.000000e+00	0.000000e+00	0.000000e+00
525	5.608399e+15	0.000000e+00	0.000000e+00	0.000000e+00
526	5.622339e+15	0.000000e+00	0.000000e+00	0.000000e+00
527	5.636392e+15	0.000000e+00	0.000000e+00	0.000000e+00
528	5.650422e+15	0.000000e+00	0.000000e+00	0.000000e+00
529	5.664308e+15	0.000000e+00	0.000000e+00	0.000000e+00
530	5.678254e+15	0.000000e+00	0.000000e+00	0.000000e+00
531	5.692344e+15	0.000000e+00	0.000000e+00	0.000000e+00
532	5.706457e+15	0.000000e+00	0.000000e+00	0.000000e+00
533	5.721069e+15	0.000000e+00	0.000000e+00	0.000000e+00
534	5.735901e+15	0.000000e+00	0.000000e+00	0.000000e+00
535	5.750820e+15	0.000000e+00	0.000000e+00	0.000000e+00
536	5.765836e+15	0.000000e+00	0.000000e+00	0.000000e+00
537	5.780650e+15	0.000000e+00	0.000000e+00	0.000000e+00
538	5.795976e+15	0.000000e+00	0.000000e+00	0.000000e+00
539	5.811741e+15	0.000000e+00	0.000000e+00	0.000000e+00
540	5.827626e+15	0.000000e+00	0.000000e+00	0.000000e+00
541	5.843782e+15	0.000000e+00	0.000000e+00	0.000000e+00
542	5.859817e+15	0.000000e+00	0.000000e+00	0.000000e+00
543	5.876245e+15	0.000000e+00	0.000000e+00	0.000000e+00
544	5.892391e+15	0.000000e+00	0.000000e+00	0.000000e+00
545	5.908998e+15	0.000000e+00	0.000000e+00	0.000000e+00
546	5.925990e+15	0.000000e+00	0.000000e+00	0.000000e+00
547	5.943087e+15	0.000000e+00	0.000000e+00	0.000000e+00
548	5.960307e+15	0.000000e+00	0.000000e+00	0.000000e+00
549	5.977415e+15	0.000000e+00	0.000000e+00	0.000000e+00
550	5.994528e+15	0.000000e+00	0.000000e+00	0.000000e+00
551	6.011558e+15	0.000000e+00	0.000000e+00	0.000000e+00
552	6.028805e+15	0.000000e+00	0.000000e+00	0.000000e+00
553	6.045900e+15	0.000000e+00	0.000000e+00	0.000000e+00
554	6.063462e+15	0.000000e+00	0.000000e+00	0.000000e+00
555	6.080767e+15	0.000000e+00	0.000000e+00	0.000000e+00
556	6.098554e+15	0.000000e+00	0.000000e+00	0.000000e+00
557	6.116657e+15	0.000000e+00	0.000000e+00	0.000000e+00
558	6.135134e+15	0.000000e+00	0.000000e+00	0.000000e+00
559	6.153705e+15	0.000000e+00	0.000000e+00	0.000000e+00
560	6.172939e+15	0.000000e+00	0.000000e+00	0.000000e+00
561	6.192727e+15	0.000000e+00	0.000000e+00	0.000000e+00
562	6.212004e+15	0.000000e+00	0.000000e+00	0.000000e+00
563	6.231807e+15	0.000000e+00	0.000000e+00	0.000000e+00
564	6.252259e+15	0.000000e+00	0.000000e+00	0.000000e+00
565	6.272936e+15	0.000000e+00	0.000000e+00	0.000000e+00
566	6.294336e+15	0.000000e+00	0.000000e+00	0.000000e+00
567	6.313671e+15	0.000000e+00	0.000000e+00	0.000000e+00
568	6.334690e+15	0.000000e+00	0.000000e+00	0.000000e+00
569	6.354931e+15	0.000000e+00	0.000000e+00	0.000000e+00
570	6.369196e+15	0.000000e+00	0.000000e+00	0.000000e+00
571	6.386315e+15	0.000000e+00	0.000000e+00	0.000000e+00
572	6.405520e+15	0.000000e+00	0.000000e+00	0.000000e+00
573	6.425327e+15	0.000000e+00	0.000000e+00	0.000000e+00
574	6.444795e+15	0.000000e+00	0.000000e+00	0.000000e+00
575	6.464116e+15	0.000000e+00	0.000000e+00	0.000000e+00
576	6.483171e+15	0.000000e+00	0.000000e+00	0.000000e+00
577	6.501979e+15	0.000000e+00	0.000000e+00	0.000000e+00
578	6.519505e+15	0.000000e+00	0.000000e+00	0.000000e+00
579	6.535493e+15	0.000000e+00	0.000000e+00	0.000000e+00
580	6.553674e+15	0.000000e+00	0.000000e+00	0.000000e+00
581	6.571626e+15	0.000000e+00	0.000000e+00	0.000000e+00
582	6.588206e+15	0.000000e+00	0.000000e+00	0.000000e+00
583	6.604037e+15	0.000000e+00	0.000000e+00	0.000000e+00
584	6.621192e+15	0.000000e+00	0.000000e+00	0.000000e+00
585	6.637491e+15	0.000000e+00	0.000000e+00	0.000000e+00
586	6.652477e+15	0.000000e+00	0.000000e+00	0.000000e+00
587	6.668950e+15	0.000000e+00	0.000000e+00	0.000000e+00
588	6.685249e+15	0.000000e+00	0.000000e+00	0.000000e+00
589	6.701728e+15	0.000000e+00	0.000000e+00	0.000000e+00
590	6.716787e+15	0.000000e+00	0.000000e+00	0.000000e+00
591	6.732187e+15	0.000000e+00	0.000000e+00	0.000000e+00
592	6.747721e+15	0.000000e+00	0.000000e+00	0.000000e+00
593	6.763561e+15	0.000000e+00	0.000000e+00	0.000000e+00
594	6.779250e+15	0.000000e+00	0.000000e+00	0.000000e+00
595	6.794327e+15	0.000000e+00	0.000000e+00	0.000000e+00
596	6.809720e+15	0.000000e+00	0.000000e+00	0.000000e+00
597	6.824963e+15	0.000000e+00	0.000000e+00	0.000000e+00
598	6.839987e+15	0.000000e+00	0.000000e+00	0.000000e+00
599	6.854957e+15	0.000000e+00	0.000000e+00	0.000000e+00
600	6.869789e+15	0.000000e+00	0.000000e+00	0.000000e+00
601	6.884488e+15	0.000000e+00	0.000000e+00	0.000000e+00
602	6.899068e+15	0.000000e+00	0.000000e+00	0.000000e+00
603	6.913523e+15	0.000000e+00	0.000000e+00	0.000000e+00
604	6.927845e+15	0.000000e+00	0.000000e+00	0.000000e+00
605	6.942046e+15	0.000000e+00	0.000000e+00	0.000000e+00
606	6.956120e+15	0.000000e+00	0.000000e+00	0.000000e+00
607	6.970078e+15	0.000000e+00	0.000000e+00	0.000000e+00
608	6.983918e+15	0.000000e+00	0.000000e+00	0.000000e+00
609	6.997649e+15	0.000000e+00	0.000000e+00	0.000000e+00
610	7.011272e+15	0.000000e+00	0.000000e+00	0.000000e+00
611	7.024808e+15	0.000000e+00	0.000000e+00	0.000000e+00
612	7.038236e+15	0.000000e+00	0.000000e+00	0.000000e+00
613	7.051560e+15	0.000000e+00	0.000000e+00	0.000000e+00
614	7.064783e+15	0.000000e+00	0.000000e+00	0.000000e+00
615	7.077897e+15	0.000000e+00	0.000000e+00	0.000000e+00
616	7.090920e+15	0.000000e+00	0.000000e+00	0.000000e+00
617	7.103834e+15	0.000000e+00	0.000000e+00	0.000000e+00
618	7.116661e+15	0.000000e+00	0.000000e+00	0.000000e+00
619	7.129375e+15	0.000000e+00	0.000000e+00	0.000000e+00
620	7.142011e+15	0.000000e+00	0.000000e+00	0.000000e+00
621	7.154544e+15	0.000000e+00	0.000000e+00	0.000000e+00
622	7.167001e+15	0.000000e+00	0.000000e+00	0.000000e+00
623	7.179365e+15	0.000000e+00	0.000000e+00	0.000000e+00
624	7.191651e+15	0.000000e+00	0.000000e+00	0.000000e+00
625	7.203841e+15	0.000000e+00	0.000000e+00	0.000000e+00
626	7.215964e+15	0.000000e+00	0.000000e+00	0.000000e+00
627	7.227993e+15	0.000000e+00	0.000000e+00	0.000000e+00
628	7.239954e+15	0.000000e+00	0.000000e+00	0.000000e+00
629	7.251833e+15	0.000000e+00	0.000000e+00	0.000000e+00
630	7.263645e+15	0.000000e+00	0.000000e+00	0.000000e+00
631	7.275363e+15	0.000000e+00	0.000000e+00	0.000000e+00
632	7.287009e+15	0.000000e+00	0.000000e+00	0.000000e+00
633	7.298576e+15	0.000000e+00	0.000000e+00	0.000000e+00
634	7.310078e+15	0.000000e+00	0.000000e+00	0.000000e+00
635	7.321507e+15	0.000000e+00	0.000000e+00	0.000000e+00
636	7.332876e+15	0.000000e+00	0.000000e+00	0.000000e+00
637	7.344176e+15	0.000000e+00	0.000000e+00	0.000000e+00
638	7.355417e+15	0.000000e+00	0.000000e+00	0.000000e+00
639	7.366589e+15	0.000000e+00	0.000000e+00	0.000000e+00
640	7.377700e+15	0.000000e+00	0.000000e+00	0.000000e+00
641	7.388739e+15	0.000000e+00	0.000000e+00	0.000000e+00
642	7.399720e+15	0.000000e+00	0.000000e+00	0.000000e+00
643	7.410627e+15	0.000000e+00	0.000000e+00	0.000000e+00
644	7.421483e+15	0.000000e+00	0.000000e+00	0.000000e+00
645	7.432260e+15	0.000000e+00	0.000000e+00	0.000000e+00
646	7.442986e+15	0.000000e+00	0.000000e+00	0.000000e+00
647	7.453641e+15	0.000000e+00	0.000000e+00	0.000000e+00
648	7.464243e+15	0.000000e+00	0.000000e+00	0.000000e+00
649	7.474783e+15	0.000000e+00	0.000000e+00	0.000000e+00
650	7.485279e+15	0.000000e+00	0.000000e+00	0.000000e+00
651	7.495718e+15	0.000000e+00	0.000000e+00	0.000000e+00
652	7.506114e+15	0.000000e+00	0.000000e+00	0.000000e+00
653	7.516446e+15	0.000000e+00	0.000000e+00	0.000000e+00
654	7.526736e+15	0.000000e+00	0.000000e+00	0.000000e+00
655	7.536968e+15	0.000000e+00	0.000000e+00	0.000000e+00
656	7.547160e+15	0.000000e+00	0.000000e+00	0.000000e+00
657	7.557298e+15	0.000000e+00	0.000000e+00	0.000000e+00
658	7.567399e+15	0.000000e+00	0.000000e+00	0.000000e+00
659	7.577447e+15	0.000000e+00	0.000000e+00	0.000000e+00
660	7.587460e+15	0.000000e+00	0.000000e+00	0.000000e+00
661	7.597422e+15	0.000000e+00	0.000000e+00	0.000000e+00
662	7.607352e+15	0.000000e+00	0.000000e+00	0.000000e+00
663	7.617240e+15	0.000000e+00	0.000000e+00	0.000000e+00
664	7.627085e+15	0.000000e+00	0.000000e+00	0.000000e+00
665	7.636889e+15	0.000000e+00	0.000000e+00	0.000000e+00
666	7.646641e+15	0.000000e+00	0.000000e+00	0.000000e+00
667	7.656360e+15	0.000000e+00	0.000000e+00	0.000000e+00
668	7.666032e+15	0.000000e+00	0.000000e+00	0.000000e+00
669	7.675666e+15	0.000000e+00	0.000000e+00	0.000000e+00
670	7.685253e+15	0.000000e+00	0.000000e+00	0.000000e+00
671	7.694799e+15	0.000000e+00	0.000000e+00	0.000000e+00
672	7.704298e+15	0.000000e+00	0.000000e+00	0.000000e+00
673	7.713751e+15	0.000000e+00	0.000000e+00	0.000000e+00
674	7.723173e+15	0.000000e+00	0.000000e+00	0.000000e+00
675	7.732550e+15	0.000000e+00	0.000000e+00	0.000000e+00
676	7.741894e+15	0.000000e+00	0.000000e+00	0.000000e+00
677	7.751198e+15	0.000000e+00	0.000000e+00	0.000000e+00
678	7.760462e+15	0.000000e+00	0.000000e+00	0.000000e+00
679	7.769682e+15	0.000000e+00	0.000000e+00	0.000000e+00
680	7.778861e+15	0.000000e+00	0.000000e+00	0.000000e+00
681	7.788012e+15	0.000000e+00	0.000000e+00	0.000000e+00
682	7.797121e+15	0.000000e+00	0.000000e+00	0.000000e+00
683	7.806200e+15	0.000000e+00	0.000000e+00	0.000000e+00
684	7.815233e+15	0.000000e+00	0.000000e+00	0.000000e+00
685	7.824246e+15	0.000000e+00	0.000000e+00	0.000000e+00
686	7.833218e+15	0.000000e+00	0.000000e+00	0.000000e+00
687	7.842152e+15	0.000000e+00	0.000000e+00	0.000000e+00
688	7.851048e+15	0.000000e+00	0.000000e+00	0.000000e+00
689	7.859914e+15	0.000000e+00	0.000000e+00	0.000000e+00
690	7.868745e+15	0.000000e+00	0.000000e+00	0.000000e+00
691	7.877546e+15	0.000000e+00	0.000000e+00	0.000000e+00
692	7.886317e+15	0.000000e+00	0.000000e+00	0.000000e+00
693	7.895053e+15	0.000000e+00	0.000000e+00	0.000000e+00
694	7.903747e+15	0.000000e+00	0.000000e+00	0.000000e+00
695	7.912417e+15	0.000000e+00	0.000000e+00	0.000000e+00
696	7.921043e+15	0.000000e+00	0.000000e+00	0.000000e+00
697	7.929664e+15	0.000000e+00	0.000000e+00	0.000000e+00
698	7.938236e+15	0.000000e+00	0.000000e+00	0.000000e+00
699	7.946795e+15	0.000000e+00	0.000000e+00	0.000000e+00
700	7.955308e+15	0.000000e+00	0.000000e+00	0.000000e+00
701	7.963796e+15	0.000000e+00	0.000000e+00	0.000000e+00
702	7.972244e+15	0.000000e+00	0.000000e+00	0.000000e+00
703	7.980655e+15	0.000000e+00	0.000000e+00	0.000000e+00
704	7.989042e+15	0.000000e+00	0.000000e+00	0.000000e+00
705	7.997399e+15	0.000000e+00	0.000000e+00	0.000000e+00
706	8.005736e+15	0.000000e+00	0.000000e+00	0.000000e+00
707	8.014043e+15	0.000000e+00	0.000000e+00	0.000000e+00
708	8.022331e+15	0.000000e+00	0.000000e+00	0.000000e+00
709	8.030579e+15	0.000000e+00	0.000000e+00	0.000000e+00
710	8.038804e+15	0.000000e+00	0.000000e+00	0.000000e+00
711	8.046999e+15	0.000000e+00	0.000000e+00	0.000000e+00
712	8.055172e+15	0.000000e+00	0.000000e+00	0.000000e+00
713	8.063326e+15	0.000000e+00	0.000000e+00	0.000000e+00
714	8.071469e+15	0.000000e+00	0.000000e+00	0.000000e+00
715	8.079581e+15	0.000000e+00	0.000000e+00	0.000000e+00
716	8.087677e+15	0.000000e+00	0.000000e+00	0.000000e+00
717	8.095744e+15	0.000000e+00	0.000000e+00	0.000000e+00
718	8.103795e+15	0.000000e+00	0.000000e+00	0.000000e+00
719	8.111823e+15	0.000000e+00	0.000000e+00	0.000000e+00
720	8.119824e+15	0.000000e+00	0.000000e+00	0.000000e+00
721	8.127798e+15	0.000000e+00	0.000000e+00	0.000000e+00
722	8.135738e+15	0.000000e+00	0.000000e+00	0.000000e+00
723	8.143659e+15	0.000000e+00	0.000000e+00	0.000000e+00
724	8.151542e+15	0.000000e+00	0.000000e+00	0.000000e+00
725	8.159400e+15	0.000000e+00	0.000000e+00	0.000000e+00
726	8.167219e+15	0.000000e+00	0.000000e+00	0.000000e+00
727	8.175024e+15	0.000000e+00	0.000000e+00	0.000000e+00
728	8.182796e+15	0.000000e+00	0.000000e+00	0.000000e+00
729	8.190553e+15	0.000000e+00	0.000000e+00	0.000000e+00
730	8.198277e+15	0.000000e+00	0.000000e+00	0.000000e+00
731	8.205979e+15	0.000000e+00	0.000000e+00	0.000000e+00
732	8.213663e+15	0.000000e+00	0.000000e+00	0.000000e+00
733	8.221327e+15	0.000000e+00	0.000000e+00	0.000000e+00
734	8.228963e+15	0.000000e+00	0.000000e+00	0.000000e+00
735	8.236576e+15	0.000000e+00	0.000000e+00	0.000000e+00
736	8.244165e+15	0.000000e+00	0.000000e+00	0.000000e+00
737	8.251723e+15	0.000000e+00	0.000000e+00	0.000000e+00
738	8.258834e+15	0.000000e+00	0.000000e+00	0.000000e+00
739	8.266388e+15	0.000000e+00	0.000000e+00	0.000000e+00
740	8.273921e+15	0.000000e+00	0.000000e+00	0.000000e+00
741	8.281354e+15	0.000000e+00	0.000000e+00	0.000000e+00
742	8.288826e+15	0.000000e+00	0.000000e+00	0.000000e+00
743	8.296156e+15	0.000000e+00	0.000000e+00	0.000000e+00
744	8.303426e+15	0.000000e+00	0.000000e+00	0.000000e+00
745	8.310658e+15	0.000000e+00	0.000000e+00	0.000000e+00
746	8.317783e+15	0.000000e+00	0.000000e+00	0.000000e+00
747	8.324864e+15	0.000000e+00	0.000000e+00	0.000000e+00
748	8.331783e+15	0.000000e+00	0.000000e+00	0.000000e+00
749	8.338879e+15	0.000000e+00	0.000000e+00	0.000000e+00
750	8.345950e+15	0.000000e+00	0.000000e+00	0.000000e+00
751	8.352980e+15	0.000000e+00	0.000000e+00	0.000000e+00
752	8.359981e+15	0.000000e+00	0.000000e+00	0.000000e+00
753	8.366957e+15	0.000000e+00	0.000000e+00	0.000000e+00
754	8.373277e+15	0.000000e+00	0.000000e+00	0.000000e+00
755	8.380067e+15	0.000000e+00	0.000000e+00	0.000000e+00
756	8.386830e+15	0.000000e+00	0.000000e+00	0.000000e+00
757	8.393579e+15	0.000000e+00	0.000000e+00	0.000000e+00
758	8.400290e+15	0.000000e+00	0.000000e+00	0.000000e+00
759	8.406970e+15	0.000000e+00	0.000000e+00	0.000000e+00
760	8.413640e+15	0.000000e+00	0.000000e+00	0.000000e+00
761	8.420279e+15	0.000000e+00	0.000000e+00	0.000000e+00
762	8.426905e+15	0.000000e+00	0.000000e+00	0.000000e+00
763	8.433533e+15	0.000000e+00	0.000000e+00	0.000000e+00
764	8.440156e+15	0.000000e+00	0.000000e+00	0.000000e+00
765	8.446748e+15	0.000000e+00	0.000000e+00	0.000000e+00
766	8.453275e+15	0.000000e+00	0.000000e+00	0.000000e+00
767	8.459743e+15	0.000000e+00	0.000000e+00	0.000000e+00
768	8.466190e+15	0.000000e+00	0.000000e+00	0.000000e+00
769	8.472609e+15	0.000000e+00	0.000000e+00	0.000000e+00
770	8.477254e+15	0.000000e+00	0.000000e+00	0.000000e+00
771	8.482827e+15	0.000000e+00	0.000000e+00	0.000000e+00
772	8.489075e+15	0.000000e+00	0.000000e+00	0.000000e+00
773	8.495288e+15	0.000000e+00	0.000000e+00	0.000000e+00
774	8.500271e+15	0.000000e+00	0.000000e+00	0.000000e+00
775	8.506252e+15	0.000000e+00	0.000000e+00	0.000000e+00
776	8.512043e+15	0.000000e+00	0.000000e+00	0.000000e+00
777	8.518158e+15	0.000000e+00	0.000000e+00	0.000000e+00
778	8.524205e+15	0.000000e+00	0.000000e+00	0.000000e+00
779	8.530228e+15	0.000000e+00	0.000000e+00	0.000000e+00
780	8.534645e+15	0.000000e+00	0.000000e+00	0.000000e+00
781	8.539944e+15	0.000000e+00	0.000000e+00	0.000000e+00
782	8.542976e+15	0.000000e+00	0.000000e+00	0.000000e+00
783	8.546614e+15	0.000000e+00	0.000000e+00	0.000000e+00
784	8.550980e+15	0.000000e+00	0.000000e+00	0.000000e+00
785	8.556219e+15	0.000000e+00	0.000000e+00	0.000000e+00
786	8.561248e+15	0.000000e+00	0.000000e+00	0.000000e+00
787	8.566479e+15	0.000000e+00	0.000000e+00	0.000000e+00
788	8.570962e+15	0.000000e+00	0.000000e+00	0.000000e+00
789	8.575552e+15	0.000000e+00	0.000000e+00	0.000000e+00
790	8.579848e+15	0.000000e+00	0.000000e+00	0.000000e+00
791	8.581168e+15	0.000000e+00	0.000000e+00	0.000000e+00
792	8.582752e+15	0.000000e+00	0.000000e+00	0.000000e+00
793	8.584653e+15	0.000000e+00	0.000000e+00	0.000000e+00
794	8.586934e+15	0.000000e+00	0.000000e+00	0.000000e+00
795	8.588779e+15	0.000000e+00	0.000000e+00	0.000000e+00
796	8.590408e+15	0.000000e+00	0.000000e+00	0.000000e+00
797	8.592362e+15	0.000000e+00	0.000000e+00	0.000000e+00
798	8.594636e+15	0.000000e+00	0.000000e+00	0.000000e+00
799	8.597364e+15	0.000000e+00	0.000000e+00	0.000000e+00
800	8.600638e+15	0.000000e+00	0.000000e+00	0.000000e+00
801	8.601587e+15	0.000000e+00	0.000000e+00	0.000000e+00
802	8.602727e+15	0.000000e+00	0.000000e+00	0.000000e+00
803	8.604094e+15	0.000000e+00	0.000000e+00	0.000000e+00
804	8.605734e+15	0.000000e+00	0.000000e+00	0.000000e+00
805	8.607316e+15	0.000000e+00	0.000000e+00	0.000000e+00
806	8.609215e+15	0.000000e+00	0.000000e+00	0.000000e+00
807	8.611435e+15	0.000000e+00	0.000000e+00	0.000000e+00
808	8.613465e+15	0.000000e+00	0.000000e+00	0.000000e+00
809	8.615861e+15	0.000000e+00	0.000000e+00	0.000000e+00
810	8.618738e+15	0.000000e+00	0.000000e+00	0.000000e+00
811	8.621736e+15	0.000000e+00	0.000000e+00	0.000000e+00
812	8.622327e+15	0.000000e+00	0.000000e+00	0.000000e+00
813	8.623035e+15	0.000000e+00	0.000000e+00	0.000000e+00
814	8.623602e+15	0.000000e+00	0.000000e+00	0.000000e+00
815	8.624281e+15	0.000000e+00	0.000000e+00	0.000000e+00
816	8.625096e+15	0.000000e+00	0.000000e+00	0.000000e+00
817	8.626075e+15	0.000000e+00	0.000000e+00	0.000000e+00
818	8.627249e+15	0.000000e+00	0.000000e+00	0.000000e+00
819	8.628658e+15	0.000000e+00	0.000000e+00	0.000000e+00
820	8.630348e+15	0.000000e+00	0.000000e+00	0.000000e+00
821	8.632377e+15	0.000000e+00	0.000000e+00	0.000000e+00
822	8.633573e+15	0.000000e+00	0.000000e+00	0.000000e+00
823	8.635008e+15	0.000000e+00	0.000000e+00	0.000000e+00
824	8.635829e+15	0.000000e+00	0.000000e+00	0.000000e+00
825	8.636813e+15	0.000000e+00	0.000000e+00	0.000000e+00
826	8.637995e+15	0.000000e+00	0.000000e+00	0.000000e+00
827	8.639413e+15	0.000000e+00	0.000000e+00	0.000000e+00
828	8.641114e+15	0.000000e+00	0.000000e+00	0.000000e+00
829	8.643156e+15	0.000000e+00	0.000000e+00	0.000000e+00
830	8.643816e+15	0.000000e+00	0.000000e+00	0.000000e+00
831	8.644607e+15	0.000000e+00	0.000000e+00	0.000000e+00
832	8.645557e+15	0.000000e+00	0.000000e+00	0.000000e+00
833	8.646697e+15	0.000000e+00	0.000000e+00	0.000000e+00
834	8.648065e+15	0.000000e+00	0.000000e+00	0.000000e+00
835	8.649706e+15	0.000000e+00	0.000000e+00	0.000000e+00
836	8.651676e+15	0.000000e+00	0.000000e+00	0.000000e+00
837	8.652385e+15	0.000000e+00	0.000000e+00	0.000000e+00
838	8.653235e+15	0.000000e+00	0.000000e+00	0.000000e+00
839	8.654255e+15	0.000000e+00	0.000000e+00	0.000000e+00
840	8.655479e+15	0.000000e+00	0.000000e+00	0.000000e+00
841	8.656948e+15	0.000000e+00	0.000000e+00	0.000000e+00
842	8.658074e+15	0.000000e+00	0.000000e+00	0.000000e+00
843	8.659425e+15	0.000000e+00	0.000000e+00	0.000000e+00
844	8.661046e+15	0.000000e+00	0.000000e+00	0.000000e+00
845	8.662776e+15	0.000000e+00	0.000000e+00	0.000000e+00
846	8.663512e+15	0.000000e+00	0.000000e+00	0.000000e+00
847	8.664395e+15	0.000000e+00	0.000000e+00	0.000000e+00
848	8.665455e+15	0.000000e+00	0.000000e+00	0.000000e+00
849	8.666726e+15	0.000000e+00	0.000000e+00	0.000000e+00
850	8.668252e+15	0.000000e+00	0.000000e+00	0.000000e+00
851	8.669782e+15	0.000000e+00	0.000000e+00	0.000000e+00
852	8.671528e+15	0.000000e+00	0.000000e+00	0.000000e+00
853	8.672729e+15	0.000000e+00	0.000000e+00	0.000000e+00
854	8.674171e+15	0.000000e+00	0.000000e+00	0.000000e+00
855	8.675205e+15	0.000000e+00	0.000000e+00	0.000000e+00
856	8.676446e+15	0.000000e+00	0.000000e+00	0.000000e+00
857	8.677152e+15	0.000000e+00	0.000000e+00	0.000000e+00
858	8.677999e+15	0.000000e+00	0.000000e+00	0.000000e+00
859	8.679017e+15	0.000000e+00	0.000000e+00	0.000000e+00
860	8.680237e+15	0.000000e+00	0.000000e+00	0.000000e+00
861	8.681702e+15	0.000000e+00	0.000000e+00	0.000000e+00
862	8.682971e+15	0.000000e+00	0.000000e+00	0.000000e+00
863	8.684320e+15	0.000000e+00	0.000000e+00	0.000000e+00
864	8.685237e+15	0.000000e+00	0.000000e+00	0.000000e+00
865	8.686339e+15	0.000000e+00	0.000000e+00	0.000000e+00
866	8.687660e+15	0.000000e+00	0.000000e+00	0.000000e+00
867	8.689246e+15	0.000000e+00	0.000000e+00	0.000000e+00
868	8.690107e+15	0.000000e+00	0.000000e+00	0.000000e+00
869	8.691141e+15	0.000000e+00	0.000000e+00	0.000000e+00
870	8.692381e+15	0.000000e+00	0.000000e+00	0.000000e+00
871	8.693869e+15	0.000000e+00	0.000000e+00	0.000000e+00
872	8.695108e+15	0.000000e+00	0.000000e+00	0.000000e+00
873	8.696596e+15	0.000000e+00	0.000000e+00	0.000000e+00
874	8.697939e+15	0.000000e+00	0.000000e+00	0.000000e+00
875	8.699222e+15	0.000000e+00	0.000000e+00	0.000000e+00
876	8.700508e+15	0.000000e+00	0.000000e+00	0.000000e+00
877	8.702052e+15	0.000000e+00	0.000000e+00	0.000000e+00
878	8.703030e+15	0.000000e+00	0.000000e+00	0.000000e+00
879	8.704204e+15	0.000000e+00	0.000000e+00	0.000000e+00
880	8.705577e+15	0.000000e+00	0.000000e+00	0.000000e+00
881	8.706330e+15	0.000000e+00	0.000000e+00	0.000000e+00
882	8.707233e+15	0.000000e+00	0.000000e+00	0.000000e+00
883	8.708250e+15	0.000000e+00	0.000000e+00	0.000000e+00
884	8.709470e+15	0.000000e+00	0.000000e+00	0.000000e+00
885	8.710668e+15	0.000000e+00	0.000000e+00	0.000000e+00
886	8.711942e+15	0.000000e+00	0.000000e+00	0.000000e+00
887	8.712636e+15	0.000000e+00	0.000000e+00	0.000000e+00
888	8.713468e+15	0.000000e+00	0.000000e+00	0.000000e+00
889	8.714466e+15	0.000000e+00	0.000000e+00	0.000000e+00
890	8.715664e+15	0.000000e+00	0.000000e+00	0.000000e+00
891	8.716800e+15	0.000000e+00	0.000000e+00	0.000000e+00
892	8.717592e+15	0.000000e+00	0.000000e+00	0.000000e+00
893	8.718542e+15	0.000000e+00	0.000000e+00	0.000000e+00
894	8.719320e+15	0.000000e+00	0.000000e+00	0.000000e+00
895	8.720254e+15	0.000000e+00	0.000000e+00	0.000000e+00
896	8.721364e+15	0.000000e+00	0.000000e+00	0.000000e+00
897	8.722695e+15	0.000000e+00	0.000000e+00	0.000000e+00
898	8.723228e+15	0.000000e+00	0.000000e+00	0.000000e+00
899	8.723868e+15	0.000000e+00	0.000000e+00	0.000000e+00
900	8.724635e+15	0.000000e+00	0.000000e+00	0.000000e+00
901	8.725555e+15	0.000000e+00	0.000000e+00	0.000000e+00
902	8.726470e+15	0.000000e+00	0.000000e+00	0.000000e+00
903	8.727567e+15	0.000000e+00	0.000000e+00	0.000000e+00
904	8.728570e+15	0.000000e+00	0.000000e+00	0.000000e+00
905	8.729774e+15	0.000000e+00	0.000000e+00	0.000000e+00
906	8.730756e+15	0.000000e+00	0.000000e+00	0.000000e+00
907	8.731860e+15	0.000000e+00	0.000000e+00	0.000000e+00
908	8.733184e+15	0.000000e+00	0.000000e+00	0.000000e+00
909	8.733828e+15	0.000000e+00	0.000000e+00	0.000000e+00
910	8.734601e+15	0.000000e+00	0.000000e+00	0.000000e+00
911	8.735529e+15	0.000000e+00	0.000000e+00	0.000000e+00
912	8.736638e+15	0.000000e+00	0.000000e+00	0.000000e+00
913	8.737969e+15	0.000000e+00	0.000000e+00	0.000000e+00
914	8.738612e+15	0.000000e+00	0.000000e+00	0.000000e+00
915	8.739295e+15	0.000000e+00	0.000000e+00	0.000000e+00
916	8.740113e+15	0.000000e+00	0.000000e+00	0.000000e+00
917	8.741095e+15	0.000000e+00	0.000000e+00	0.000000e+00
918	8.742274e+15	0.000000e+00	0.000000e+00	0.000000e+00
919	8.743150e+15	0.000000e+00	0.000000e+00	0.000000e+00
920	8.743961e+15	0.000000e+00	0.000000e+00	0.000000e+00
921	8.744935e+15	0.000000e+00	0.000000e+00	0.000000e+00
922	8.746104e+15	0.000000e+00	0.000000e+00	0.000000e+00
923	8.746963e+15	0.000000e+00	0.000000e+00	0.000000e+00
924	8.747994e+15	0.000000e+00	0.000000e+00	0.000000e+00
925	8.748792e+15	0.000000e+00	0.000000e+00	0.000000e+00
926	8.749749e+15	0.000000e+00	0.000000e+00	0.000000e+00
927	8.750364e+15	0.000000e+00	0.000000e+00	0.000000e+00
928	8.751093e+15	0.000000e+00	0.000000e+00	0.000000e+00
929	8.751967e+15	0.000000e+00	0.000000e+00	0.000000e+00
930	8.753016e+15	0.000000e+00	0.000000e+00	0.000000e+00
931	8.754109e+15	0.000000e+00	0.000000e+00	0.000000e+00
932	8.755420e+15	0.000000e+00	0.000000e+00	0.000000e+00
933	8.755869e+15	0.000000e+00	0.000000e+00	0.000000e+00
934	8.756408e+15	0.000000e+00	0.000000e+00	0.000000e+00
935	8.757055e+15	0.000000e+00	0.000000e+00	0.000000e+00
936	8.757832e+15	0.000000e+00	0.000000e+00	0.000000e+00
937	8.758763e+15	0.000000e+00	0.000000e+00	0.000000e+00
938	8.759775e+15	0.000000e+00	0.000000e+00	0.000000e+00
939	8.760794e+15	0.000000e+00	0.000000e+00	0.000000e+00
940	8.761902e+15	0.000000e+00	0.000000e+00	0.000000e+00
941	8.763232e+15	0.000000e+00	0.000000e+00	0.000000e+00
942	8.764204e+15	0.000000e+00	0.000000e+00	0.000000e+00
943	8.765013e+15	0.000000e+00	0.000000e+00	0.000000e+00
944	8.765984e+15	0.000000e+00	0.000000e+00	0.000000e+00
945	8.767149e+15	0.000000e+00	0.000000e+00	0.000000e+00
946	8.767722e+15	0.000000e+00	0.000000e+00	0.000000e+00
947	8.768411e+15	0.000000e+00	0.000000e+00	0.000000e+00
948	8.769237e+15	0.000000e+00	0.000000e+00	0.000000e+00
949	8.770228e+15	0.000000e+00	0.000000e+00	0.000000e+00
950	8.770995e+15	0.000000e+00	0.000000e+00	0.000000e+00
951	8.771916e+15	0.000000e+00	0.000000e+00	0.000000e+00
952	8.772735e+15	0.000000e+00	0.000000e+00	0.000000e+00
953	8.773717e+15	0.000000e+00	0.000000e+00	0.000000e+00
954	8.774573e+15	0.000000e+00	0.000000e+00	0.000000e+00
955	8.775600e+15	0.000000e+00	0.000000e+00	0.000000e+00
956	8.776358e+15	0.000000e+00	0.000000e+00	0.000000e+00
957	8.776829e+15	0.000000e+00	0.000000e+00	0.000000e+00
958	8.777395e+15	0.000000e+00	0.000000e+00	0.000000e+00
959	8.778073e+15	0.000000e+00	0.000000e+00	0.000000e+00
960	8.778887e+15	0.000000e+00	0.000000e+00	0.000000e+00
961	8.779669e+15	0.000000e+00	0.000000e+00	0.000000e+00
962	8.780607e+15	0.000000e+00	0.000000e+00	0.000000e+00
963	8.781051e+15	0.000000e+00	0.000000e+00	0.000000e+00
964	8.781584e+15	0.000000e+00	0.000000e+00	0.000000e+00
965	8.782223e+15	0.000000e+00	0.000000e+00	0.000000e+00
966	8.782886e+15	0.000000e+00	0.000000e+00	0.000000e+00
967	8.783682e+15	0.000000e+00	0.000000e+00	0.000000e+00
968	8.784637e+15	0.000000e+00	0.000000e+00	0.000000e+00
969	8.785381e+15	0.000000e+00	0.000000e+00	0.000000e+00
970	8.786234e+15	0.000000e+00	0.000000e+00	0.000000e+00
971	8.786864e+15	0.000000e+00	0.000000e+00	0.000000e+00
972	8.787620e+15	0.000000e+00	0.000000e+00	0.000000e+00
973	8.788527e+15	0.000000e+00	0.000000e+00	0.000000e+00
974	8.789339e+15	0.000000e+00	0.000000e+00	0.000000e+00
975	8.790314e+15	0.000000e+00	0.000000e+00	0.000000e+00
976	8.790932e+15	0.000000e+00	0.000000e+00	0.000000e+00
977	8.791673e+15	0.000000e+00	0.000000e+00	0.000000e+00
978	8.792563e+15	0.000000e+00	0.000000e+00	0.000000e+00
979	8.793630e+15	0.000000e+00	0.000000e+00	0.000000e+00
980	8.794446e+15	0.000000e+00	0.000000e+00	0.000000e+00
981	8.794891e+15	0.000000e+00	0.000000e+00	0.000000e+00
982	8.795425e+15	0.000000e+00	0.000000e+00	0.000000e+00
983	8.796066e+15	0.000000e+00	0.000000e+00	0.000000e+00
984	8.796827e+15	0.000000e+00	0.000000e+00	0.000000e+00
985	8.797740e+15	0.000000e+00	0.000000e+00	0.000000e+00
986	8.798836e+15	0.000000e+00	0.000000e+00	0.000000e+00
987	8.800150e+15	0.000000e+00	0.000000e+00	0.000000e+00
988	8.801058e+15	0.000000e+00	0.000000e+00	0.000000e+00
989	8.801661e+15	0.000000e+00	0.000000e+00	0.000000e+00
990	8.802385e+15	0.000000e+00	0.000000e+00	0.000000e+00
991	8.803254e+15	0.000000e+00	0.000000e+00	0.000000e+00
992	8.804111e+15	0.000000e+00	0.000000e+00	0.000000e+00
993	8.804782e+15	0.000000e+00	0.000000e+00	0.000000e+00
994	8.805555e+15	0.000000e+00	0.000000e+00	0.000000e+00
995	8.806484e+15	0.000000e+00	0.000000e+00	0.000000e+00
996	8.807232e+15	0.000000e+00	0.000000e+00	0.000000e+00
997	8.808131e+15	0.000000e+00	0.000000e+00	0.000000e+00
998	8.809209e+15	0.000000e+00	0.000000e+00	0.000000e+00
999	8.809854e+15	0.000000e+00	0.000000e+00	0.000000e+00
1000	8.810429e+15	0.000000e+00	0.000000e+00	0.000000e+00
1001	8.811118e+15	0.000000e+00	0.000000e+00	0.000000e+00
1002	8.811946e+15	0.000000e+00	0.000000e+00	0.000000e+00
1003	8.812939e+15	0.000000e+00	0.000000e+00	0.000000e+00
1004	8.813491e+15	0.000000e+00	0.000000e+00	0.000000e+00
1005	8.814153e+15	0.000000e+00	0.000000e+00	0.000000e+00
1006	8.814855e+15	0.000000e+00	0.000000e+00	0.000000e+00
1007	8.815697e+15	0.000000e+00	0.000000e+00	0.000000e+00
1008	8.816707e+15	0.000000e+00	0.000000e+00	0.000000e+00
1009	8.817460e+15	0.000000e+00	0.000000e+00	0.000000e+00
1010	8.818362e+15	0.000000e+00	0.000000e+00	0.000000e+00
1011	8.819207e+15	0.000000e+00	0.000000e+00	0.000000e+00
1012	8.819940e+15	0.000000e+00	0.000000e+00	0.000000e+00
1013	8.820769e+15	0.000000e+00	0.000000e+00	0.000000e+00
1014	8.821564e+15	0.000000e+00	0.000000e+00	0.000000e+00
1015	8.822322e+15	0.000000e+00	0.000000e+00	0.000000e+00
1016	8.823231e+15	0.000000e+00	0.000000e+00	0.000000e+00
1017	8.823939e+15	0.000000e+00	0.000000e+00	0.000000e+00
1018	8.824522e+15	0.000000e+00	0.000000e+00	0.000000e+00
1019	8.825221e+15	0.000000e+00	0.000000e+00	0.000000e+00
1020	8.826061e+15	0.000000e+00	0.000000e+00	0.000000e+00
1021	8.826558e+15	0.000000e+00	0.000000e+00	0.000000e+00
1022	8.827155e+15	0.000000e+00	0.000000e+00	0.000000e+00
1023	8.827872e+15	0.000000e+00	0.000000e+00	0.000000e+00
1024	8.828656e+15	0.000000e+00	0.000000e+00	0.000000e+00
1025	8.829598e+15	0.000000e+00	0.000000e+00	0.000000e+00
1026	8.830307e+15	0.000000e+00	0.000000e+00	0.000000e+00
1027	8.831159e+15	0.000000e+00	0.000000e+00	0.000000e+00
1028	8.832180e+15	0.000000e+00	0.000000e+00	0.000000e+00
1029	8.832751e+15	0.000000e+00	0.000000e+00	0.000000e+00
1030	8.833436e+15	0.000000e+00	0.000000e+00	0.000000e+00
1031	8.834259e+15	0.000000e+00	0.000000e+00	0.000000e+00
1032	8.835245e+15	0.000000e+00	0.000000e+00	0.000000e+00
1033	8.836429e+15	0.000000e+00	0.000000e+00	0.000000e+00
1034	8.837719e+15	0.000000e+00	0.000000e+00	0.000000e+00
1035	8.838293e+15	0.000000e+00	0.000000e+00	0.000000e+00
1036	8.838981e+15	0.000000e+00	0.000000e+00	0.000000e+00
1037	8.839807e+15	0.000000e+00	0.000000e+00	0.000000e+00
1038	8.840544e+15	0.000000e+00	0.000000e+00	0.000000e+00
1039	8.841428e+15	0.000000e+00	0.000000e+00	0.000000e+00
1040	8.842006e+15	0.000000e+00	0.000000e+00	0.000000e+00
1041	8.842700e+15	0.000000e+00	0.000000e+00	0.000000e+00
1042	8.843532e+15	0.000000e+00	0.000000e+00	0.000000e+00
1043	8.844531e+15	0.000000e+00	0.000000e+00	0.000000e+00
1044	8.845256e+15	0.000000e+00	0.000000e+00	0.000000e+00
1045	8.845619e+15	0.000000e+00	0.000000e+00	0.000000e+00
1046	8.846055e+15	0.000000e+00	0.000000e+00	0.000000e+00
1047	8.846577e+15	0.000000e+00	0.000000e+00	0.000000e+00
1048	8.847204e+15	0.000000e+00	0.000000e+00	0.000000e+00
1049	8.847957e+15	0.000000e+00	0.000000e+00	0.000000e+00
1050	8.848859e+15	0.000000e+00	0.000000e+00	0.000000e+00
1051	8.849488e+15	0.000000e+00	0.000000e+00	0.000000e+00
1052	8.850242e+15	0.000000e+00	0.000000e+00	0.000000e+00
1053	8.850774e+15	0.000000e+00	0.000000e+00	0.000000e+00
1054	8.851413e+15	0.000000e+00	0.000000e+00	0.000000e+00
1055	8.852036e+15	0.000000e+00	0.000000e+00	0.000000e+00
1056	8.852784e+15	0.000000e+00	0.000000e+00	0.000000e+00
1057	8.853681e+15	0.000000e+00	0.000000e+00	0.000000e+00
1058	8.854337e+15	0.000000e+00	0.000000e+00	0.000000e+00
1059	8.855124e+15	0.000000e+00	0.000000e+00	0.000000e+00
1060	8.856064e+15	0.000000e+00	0.000000e+00	0.000000e+00
1061	8.857192e+15	0.000000e+00	0.000000e+00	0.000000e+00
1062	8.858297e+15	0.000000e+00	0.000000e+00	0.000000e+00
1063	8.858716e+15	0.000000e+00	0.000000e+00	0.000000e+00
1064	8.859219e+15	0.000000e+00	0.000000e+00	0.000000e+00
1065	8.859822e+15	0.000000e+00	0.000000e+00	0.000000e+00
1066	8.860271e+15	0.000000e+00	0.000000e+00	0.000000e+00
1067	8.860811e+15	0.000000e+00	0.000000e+00	0.000000e+00
1068	8.861458e+15	0.000000e+00	0.000000e+00	0.000000e+00
1069	8.862235e+15	0.000000e+00	0.000000e+00	0.000000e+00
1070	8.863168e+15	0.000000e+00	0.000000e+00	0.000000e+00
1071	8.864286e+15	0.000000e+00	0.000000e+00	0.000000e+00
1072	8.864884e+15	0.000000e+00	0.000000e+00	0.000000e+00
1073	8.865600e+15	0.000000e+00	0.000000e+00	0.000000e+00
1074	8.866460e+15	0.000000e+00	0.000000e+00	0.000000e+00
1075	8.867492e+15	0.000000e+00	0.000000e+00	0.000000e+00
1076	8.868464e+15	0.000000e+00	0.000000e+00	0.000000e+00
1077	8.869514e+15	0.000000e+00	0.000000e+00	0.000000e+00
1078	8.870774e+15	0.000000e+00	0.000000e+00	0.000000e+00
1079	8.871627e+15	0.000000e+00	0.000000e+00	0.000000e+00
1080	8.872297e+15	0.000000e+00	0.000000e+00	0.000000e+00
1081	8.873002e+15	0.000000e+00	0.000000e+00	0.000000e+00
1082	8.873849e+15	0.000000e+00	0.000000e+00	0.000000e+00
1083	8.874865e+15	0.000000e+00	0.000000e+00	0.000000e+00
1084	8.875581e+15	0.000000e+00	0.000000e+00	0.000000e+00
1085	8.876146e+15	0.000000e+00	0.000000e+00	0.000000e+00
1086	8.876826e+15	0.000000e+00	0.000000e+00	0.000000e+00
1087	8.877640e+15	0.000000e+00	0.000000e+00	0.000000e+00
1088	8.878618e+15	0.000000e+00	0.000000e+00	0.000000e+00
1089	8.879445e+15	0.000000e+00	0.000000e+00	0.000000e+00
1090	8.880411e+15	0.000000e+00	0.000000e+00	0.000000e+00
1091	8.881571e+15	0.000000e+00	0.000000e+00	0.000000e+00
1092	8.882710e+15	0.000000e+00	0.000000e+00	0.000000e+00
1093	8.883183e+15	0.000000e+00	0.000000e+00	0.000000e+00
1094	8.883751e+15	0.000000e+00	0.000000e+00	0.000000e+00
1095	8.884432e+15	0.000000e+00	0.000000e+00	0.000000e+00
1096	8.885249e+15	0.000000e+00	0.000000e+00	0.000000e+00
1097	8.886230e+15	0.000000e+00	0.000000e+00	0.000000e+00
1098	8.886885e+15	0.000000e+00	0.000000e+00	0.000000e+00
1099	8.887546e+15	0.000000e+00	0.000000e+00	0.000000e+00
1100	8.888338e+15	0.000000e+00	0.000000e+00	0.000000e+00
1101	8.889012e+15	0.000000e+00	0.000000e+00	0.000000e+00
1102	8.889821e+15	0.000000e+00	0.000000e+00	0.000000e+00
1103	8.890791e+15	0.000000e+00	0.000000e+00	0.000000e+00
1104	8.891431e+15	0.000000e+00	0.000000e+00	0.000000e+00
1105	8.892199e+15	0.000000e+00	0.000000e+00	0.000000e+00
1106	8.893121e+15	0.000000e+00	0.000000e+00	0.000000e+00
1107	8.894079e+15	0.000000e+00	0.000000e+00	0.000000e+00
1108	8.894910e+15	0.000000e+00	0.000000e+00	0.000000e+00
1109	8.895556e+15	0.000000e+00	0.000000e+00	0.000000e+00
1110	8.896332e+15	0.000000e+00	0.000000e+00	0.000000e+00
1111	8.897262e+15	0.000000e+00	0.000000e+00	0.000000e+00
1112	8.898379e+15	0.000000e+00	0.000000e+00	0.000000e+00
1113	8.899077e+15	0.000000e+00	0.000000e+00	0.000000e+00
1114	8.899913e+15	0.000000e+00	0.000000e+00	0.000000e+00
1115	8.900917e+15	0.000000e+00	0.000000e+00	0.000000e+00
1116	8.901778e+15	0.000000e+00	0.000000e+00	0.000000e+00
1117	8.902812e+15	0.000000e+00	0.000000e+00	0.000000e+00
1118	8.903809e+15	0.000000e+00	0.000000e+00	0.000000e+00
1119	8.904653e+15	0.000000e+00	0.000000e+00	0.000000e+00
1120	8.905365e+15	0.000000e+00	0.000000e+00	0.000000e+00
1121	8.906107e+15	0.000000e+00	0.000000e+00	0.000000e+00
1122	8.906997e+15	0.000000e+00	1.614196e-01	0.000000e+00
1123	8.907688e+15	0.000000e+00	2.141547e-01	0.000000e+00
1124	8.908519e+15	0.000000e+00	5.205280e-01	0.000000e+00
1125	8.909209e+15	0.000000e+00	4.601853e-01	0.000000e+00
1126	8.910008e+15	0.000000e+00	5.580745e-01	0.000000e+00
1127	8.910968e+15	0.000000e+00	1.181784e+00	0.000000e+00
1128	8.911751e+15	0.000000e+00	8.584394e-01	0.000000e+00
1129	8.912691e+15	0.000000e+00	3.023403e+00	0.000000e+00
1130	8.913247e+15	0.000000e+00	1.293797e+00	0.000000e+00
1131	8.913913e+15	0.000000e+00	1.386605e+00	0.000000e+00
1132	8.914713e+15	0.000000e+00	1.574227e+00	0.000000e+00
1133	8.915673e+15	0.000000e+00	1.823705e+00	5.373309e+16
1134	8.916824e+15	0.000000e+00	3.287543e+00	3.617414e+16
1135	8.917849e+15	0.000000e+00	2.454027e+00	4.897520e+16
1136	8.919079e+15	0.000000e+00	6.368691e+00	6.754686e+16
1137	8.919904e+15	0.000000e+00	3.175357e+00	5.908407e+16
1138	8.920894e+15	0.000000e+00	9.789037e+00	1.055956e+17
1139	8.921452e+15	0.000000e+00	3.926174e+00	5.680674e+16
1140	8.922098e+15	0.000000e+00	3.788956e+00	5.152116e+16
1141	8.922873e+15	0.000000e+00	3.824208e+00	9.285689e+16
1142	8.923803e+15	0.000000e+00	4.015288e+00	6.908964e+16
1143	8.924920e+15	0.000000e+00	9.859815e+00	1.220847e+17
1144	8.925640e+15	0.000000e+00	4.314476e+00	6.599153e+16
1145	8.926504e+15	0.000000e+00	4.257904e+00	7.253283e+16
1146	8.927541e+15	0.000000e+00	4.321656e+00	6.313110e+16
1147	8.928785e+15	0.000000e+00	1.068747e+01	1.046446e+17
1148	8.929586e+15	0.000000e+00	4.473740e+00	4.295360e+16
1149	8.930547e+15	0.000000e+00	5.431069e+00	4.964620e+16
1150	8.931571e+15	0.000000e+00	1.186376e+01	5.618333e+16
1151	8.932184e+15	0.000000e+00	4.555118e+00	2.046668e+16
1152	8.932919e+15	0.000000e+00	4.386292e+00	2.358238e+16
1153	8.933801e+15	0.000000e+00	4.631378e+00	2.949546e+16
1154	8.934832e+15	0.000000e+00	4.902946e+00	3.359371e+16
1155	8.936068e+15	0.000000e+00	6.086859e+00	7.543710e+16
1156	8.937384e+15	0.000000e+00	6.830975e+00	5.470454e+16
1157	8.938693e+15	0.000000e+00	5.312013e+00	3.190203e+16
1158	8.940265e+15	0.000000e+00	1.309147e+01	1.265576e+17
1159	8.941315e+15	0.000000e+00	1.185801e+01	7.374592e+16
1160	8.942083e+15	0.000000e+00	5.685692e+00	4.686617e+16
1161	8.943005e+15	0.000000e+00	5.731870e+00	4.084548e+16
1162	8.944111e+15	0.000000e+00	5.544299e+00	8.383420e+16
1163	8.945438e+15	0.000000e+00	1.225027e+01	1.141003e+17
1164	8.946386e+15	0.000000e+00	5.867054e+00	5.979726e+16
1165	8.947523e+15	0.000000e+00	6.028893e+00	5.685681e+16
1166	8.948888e+15	0.000000e+00	1.247857e+01	6.467352e+16
1167	8.949907e+15	0.000000e+00	8.186199e+00	5.064114e+16
1168	8.950959e+15	0.000000e+00	6.481486e+00	6.541886e+16
1169	8.952221e+15	0.000000e+00	6.675706e+00	9.403936e+16
1170	8.953736e+15	0.000000e+00	7.767145e+00	1.033844e+17
1171	8.955396e+15	0.000000e+00	2.214673e+01	1.253347e+17
1172	8.956249e+15	0.000000e+00	1.040587e+01	4.462826e+16
1173	8.957046e+15	0.000000e+00	7.126736e+00	5.192650e+16
1174	8.958004e+15	0.000000e+00	7.220199e+00	5.724912e+16
1175	8.959152e+15	0.000000e+00	7.397245e+00	4.597052e+16
1176	8.960530e+15	0.000000e+00	1.772250e+01	1.178004e+17
1177	8.961467e+15	0.000000e+00	8.718934e+00	7.143365e+16
1178	8.962511e+15	0.000000e+00	7.887083e+00	2.885317e+16
1179	8.963763e+15	0.000000e+00	7.898176e+00	7.572877e+16
1180	8.965267e+15	0.000000e+00	2.135372e+01	1.517171e+17
1181	8.966166e+15	0.000000e+00	7.923685e+00	6.745225e+16
1182	8.967246e+15	0.000000e+00	7.867232e+00	4.774301e+16
1183	8.968541e+15	0.000000e+00	1.315455e+01	7.062786e+16
1184	8.969651e+15	0.000000e+00	7.778495e+00	9.557192e+16
1185	8.970984e+15	0.000000e+00	1.833492e+01	9.573485e+16
1186	8.971881e+15	0.000000e+00	7.592794e+00	5.620603e+16
1187	8.972958e+15	0.000000e+00	9.977686e+00	8.403179e+16
1188	8.974068e+15	0.000000e+00	2.564978e+01	8.907216e+16
1189	8.974659e+15	0.000000e+00	8.464046e+00	6.243779e+16
1190	8.975344e+15	0.000000e+00	7.936864e+00	4.838884e+16
1191	8.976167e+15	0.000000e+00	7.904418e+00	4.231869e+16
1192	8.977154e+15	0.000000e+00	1.642261e+01	9.757311e+16
1193	8.977892e+15	0.000000e+00	8.443740e+00	4.295257e+16
1194	8.978735e+15	0.000000e+00	8.002473e+00	4.586937e+16
1195	8.979748e+15	0.000000e+00	1.348164e+01	6.988704e+16
1196	8.980626e+15	0.000000e+00	8.029135e+00	7.281858e+16
1197	8.981680e+15	0.000000e+00	1.601477e+01	7.285533e+16
1198	8.982496e+15	0.000000e+00	1.207941e+01	4.766481e+16
1199	8.983260e+15	0.000000e+00	8.129854e+00	4.995153e+16
1200	8.984177e+15	0.000000e+00	1.185352e+01	7.268337e+16
1201	8.985056e+15	0.000000e+00	9.750033e+00	8.624969e+16
1202	8.986013e+15	0.000000e+00	8.384189e+00	5.613718e+16
1203	8.987162e+15	0.000000e+00	1.636142e+01	1.093882e+17
1204	8.988112e+15	0.000000e+00	2.000045e+01	8.366664e+16
1205	8.988802e+15	0.000000e+00	9.549843e+00	4.438555e+16
1206	8.989630e+15	0.000000e+00	9.580323e+00	7.696477e+16
1207	8.990624e+15	0.000000e+00	9.729750e+00	4.506378e+16
1208	8.991816e+15	0.000000e+00	9.789557e+00	1.351496e+17
1209	8.993247e+15	0.000000e+00	1.477384e+01	1.263846e+17
1210	8.994577e+15	0.000000e+00	1.582778e+01	1.260301e+17
1211	8.995798e+15	0.000000e+00	2.219021e+01	1.352924e+17
1212	8.996695e+15	0.000000e+00	1.094310e+01	5.051369e+16
1213	8.997771e+15	0.000000e+00	1.701397e+01	4.931921e+16
1214	8.998747e+15	0.000000e+00	1.464694e+01	1.043448e+17
1215	8.999733e+15	0.000000e+00	1.654070e+01	1.029726e+17
1216	9.000652e+15	0.000000e+00	1.136654e+01	6.545749e+16
1217	9.001756e+15	0.000000e+00	1.590534e+01	9.546208e+16
1218	9.002841e+15	0.000000e+00	2.382243e+01	1.041742e+17
1219	9.003653e+15	0.000000e+00	1.207995e+01	7.494968e+16
1220	9.004628e+15	0.000000e+00	1.757843e+01	4.186303e+16
1221	9.005570e+15	0.000000e+00	1.284879e+01	1.019662e+17
1222	9.006699e+15	0.000000e+00	1.682229e+01	5.659138e+16
1223	9.007863e+15	0.000000e+00	1.802265e+01	1.321028e+17
1224	9.009031e+15	0.000000e+00	1.437232e+01	1.476357e+17
1225	9.010433e+15	0.000000e+00	4.100207e+01	1.633162e+17
1226	9.011254e+15	0.000000e+00	1.567370e+01	5.203426e+16
1227	9.012239e+15	0.000000e+00	2.842458e+01	9.877773e+16
1228	9.013038e+15	0.000000e+00	1.635294e+01	1.092517e+17
1229	9.013997e+15	0.000000e+00	1.663724e+01	8.917427e+16
1230	9.015148e+15	0.000000e+00	2.290931e+01	1.182536e+17
1231	9.016295e+15	0.000000e+00	2.787684e+01	9.975610e+16
1232	9.017313e+15	0.000000e+00	2.324343e+01	1.161300e+17
1233	9.018359e+15	0.000000e+00	1.905315e+01	8.757935e+16
1234	9.019596e+15	0.000000e+00	2.606869e+01	2.092253e+17
1235	9.020798e+15	0.000000e+00	6.049180e+01	1.961205e+17
1236	9.021434e+15	0.000000e+00	2.030917e+01	2.590193e+16
1237	9.022196e+15	0.000000e+00	2.057970e+01	5.752999e+16
1238	9.023112e+15	0.000000e+00	2.111641e+01	6.788111e+16
1239	9.024210e+15	0.000000e+00	5.994235e+01	1.370578e+17
1240	9.024836e+15	0.000000e+00	2.184479e+01	6.346720e+16
1241	9.025586e+15	0.000000e+00	2.228753e+01	8.798516e+16
1242	9.026487e+15	0.000000e+00	3.311325e+01	1.017944e+17
1243	9.027324e+15	0.000000e+00	2.299776e+01	7.463865e+16
1244	9.028329e+15	0.000000e+00	2.755756e+01	1.148915e+17
1245	9.029412e+15	0.000000e+00	3.872897e+01	1.099857e+17
1246	9.030339e+15	0.000000e+00	2.358124e+01	1.108490e+17
1247	9.031451e+15	0.000000e+00	3.435767e+01	1.215555e+17
1248	9.032505e+15	0.000000e+00	2.478426e+01	9.920905e+16
1249	9.033770e+15	0.000000e+00	4.096972e+01	1.647953e+17
1250	9.034857e+15	0.000000e+00	2.532522e+01	1.424446e+17
1251	9.036161e+15	0.000000e+00	6.071261e+01	1.496066e+17
1252	9.037002e+15	0.000000e+00	2.603702e+01	7.188671e+16
1253	9.038010e+15	0.000000e+00	2.621279e+01	9.821577e+16
1254	9.039221e+15	0.000000e+00	5.947746e+01	1.224783e+17
1255	9.040030e+15	0.000000e+00	2.605633e+01	9.826325e+16
1256	9.041000e+15	0.000000e+00	3.463899e+01	4.557221e+16
1257	9.041959e+15	0.000000e+00	2.592712e+01	1.183495e+17
1258	9.043110e+15	0.000000e+00	3.163978e+01	8.934270e+16
1259	9.044331e+15	0.000000e+00	3.482812e+01	8.999930e+16
1260	9.045546e+15	0.000000e+00	5.121628e+01	2.036155e+17
1261	9.046455e+15	0.000000e+00	2.616728e+01	1.134208e+17
1262	9.047546e+15	0.000000e+00	4.813979e+01	1.092177e+17
1263	9.048411e+15	0.000000e+00	2.673934e+01	5.191035e+16
1264	9.049450e+15	0.000000e+00	2.659709e+01	6.834926e+16
1265	9.050696e+15	0.000000e+00	5.871046e+01	2.318593e+17
1266	9.051543e+15	0.000000e+00	2.645988e+01	1.143796e+17
1267	9.052560e+15	0.000000e+00	2.642023e+01	8.022233e+16
1268	9.053780e+15	0.000000e+00	2.654252e+01	1.486083e+17
1269	9.055244e+15	0.000000e+00	4.232859e+01	1.411308e+17
1270	9.056522e+15	0.000000e+00	5.342284e+01	1.730253e+17
1271	9.057454e+15	0.000000e+00	2.645402e+01	1.243553e+17
1272	9.058572e+15	0.000000e+00	2.758079e+01	9.826099e+16
1273	9.059877e+15	0.000000e+00	5.954709e+01	1.916854e+17
1274	9.060746e+15	0.000000e+00	2.578916e+01	7.123587e+16
1275	9.061789e+15	0.000000e+00	2.540832e+01	1.221400e+17
1276	9.063041e+15	0.000000e+00	2.502805e+01	1.006386e+17
1277	9.064542e+15	0.000000e+00	6.902180e+01	1.272064e+17
1278	9.065377e+15	0.000000e+00	2.418746e+01	7.519740e+16
1279	9.066378e+15	0.000000e+00	3.307141e+01	9.785658e+16
1280	9.067348e+15	0.000000e+00	2.465497e+01	6.283061e+16
1281	9.068512e+15	0.000000e+00	2.452820e+01	1.489147e+17
1282	9.069909e+15	0.000000e+00	3.498490e+01	1.897492e+17
1283	9.071224e+15	0.000000e+00	3.196445e+01	1.118456e+17
1284	9.072531e+15	0.000000e+00	4.394157e+01	2.085073e+17
1285	9.073557e+15	0.000000e+00	3.735016e+01	1.111126e+17
1286	9.074462e+15	0.000000e+00	3.105152e+01	7.313884e+16
1287	9.075364e+15	0.000000e+00	2.309680e+01	7.447019e+16
1288	9.076447e+15	0.000000e+00	2.270665e+01	1.000110e+17
1289	9.077746e+15	0.000000e+00	2.894814e+01	1.439827e+17
1290	9.079050e+15	0.000000e+00	2.146370e+01	7.968428e+16
1291	9.080615e+15	0.000000e+00	6.454136e+01	1.627977e+17
1292	9.081421e+15	0.000000e+00	4.010369e+01	7.480428e+16
1293	9.082021e+15	0.000000e+00	2.050959e+01	5.565627e+16
1294	9.082741e+15	0.000000e+00	2.041063e+01	5.652671e+16
1295	9.083605e+15	0.000000e+00	2.046799e+01	7.900218e+16
1296	9.084642e+15	0.000000e+00	2.049893e+01	6.680911e+16
1297	9.085886e+15	0.000000e+00	2.230572e+01	8.114990e+16
1298	9.087284e+15	0.000000e+00	2.120107e+01	9.088120e+16
1299	9.088914e+15	0.000000e+00	3.027194e+01	1.134946e+17
1300	9.090398e+15	0.000000e+00	4.165636e+01	1.369209e+17
1301	9.091447e+15	0.000000e+00	4.188981e+01	7.032746e+16
1302	9.092175e+15	0.000000e+00	1.952098e+01	7.409213e+16
1303	9.093047e+15	0.000000e+00	1.977798e+01	4.209297e+16
1304	9.094095e+15	0.000000e+00	3.291294e+01	7.499677e+16
1305	9.094973e+15	0.000000e+00	2.045729e+01	7.954573e+16
1306	9.096026e+15	0.000000e+00	4.502053e+01	5.888762e+16
1307	9.096710e+15	0.000000e+00	1.942966e+01	4.520753e+16
1308	9.097529e+15	0.000000e+00	1.936679e+01	6.727564e+16
1309	9.098513e+15	0.000000e+00	1.936903e+01	7.914187e+16
1310	9.099693e+15	0.000000e+00	1.940054e+01	1.275434e+17
1311	9.101109e+15	0.000000e+00	2.791693e+01	1.221058e+17
1312	9.102418e+15	0.000000e+00	1.912343e+01	1.291088e+17
1313	9.103990e+15	0.000000e+00	4.102398e+01	1.015134e+17
1314	9.105073e+15	0.000000e+00	2.613458e+01	8.141310e+16
1315	9.106130e+15	0.000000e+00	1.928130e+01	8.245437e+16
1316	9.107397e+15	0.000000e+00	3.064860e+01	9.256571e+16
1317	9.108517e+15	0.000000e+00	1.990096e+01	1.654720e+16
1318	9.109860e+15	0.000000e+00	2.006865e+01	8.237965e+16
1319	9.111471e+15	0.000000e+00	2.044657e+01	9.821347e+16
1320	9.113405e+15	0.000000e+00	6.166408e+01	1.698293e+17
1321	9.114433e+15	0.000000e+00	2.104334e+01	9.972593e+16
1322	9.115666e+15	0.000000e+00	2.113700e+01	5.457185e+16
1323	9.117146e+15	0.000000e+00	2.121581e+01	9.918901e+16
1324	9.118922e+15	0.000000e+00	1.093105e+02	1.138344e+17
1325	9.119507e+15	0.000000e+00	2.105336e+01	3.663319e+16
1326	9.120208e+15	0.000000e+00	2.122756e+01	6.810700e+16
1327	9.121050e+15	0.000000e+00	2.130405e+01	4.539026e+16
1328	9.122059e+15	0.000000e+00	2.112053e+01	3.818491e+16
1329	9.123271e+15	0.000000e+00	4.016141e+01	5.728322e+16
1330	9.124191e+15	0.000000e+00	2.106203e+01	8.185827e+16
1331	9.125296e+15	0.000000e+00	2.118934e+01	6.105767e+16
1332	9.126621e+15	0.000000e+00	2.141456e+01	7.716370e+16
1333	9.128211e+15	0.000000e+00	2.698694e+01	1.020445e+17
1334	9.129862e+15	0.000000e+00	2.172006e+01	8.772477e+16
1335	9.131842e+15	0.000000e+00	5.502722e+01	1.348537e+17
1336	9.133029e+15	0.000000e+00	3.992979e+01	1.315671e+17
1337	9.133939e+15	0.000000e+00	2.089806e+01	4.141603e+16
1338	9.135010e+15	0.000000e+00	2.015672e+01	5.779282e+16
1339	9.136296e+15	0.000000e+00	2.364754e+01	1.216798e+17
1340	9.137684e+15	0.000000e+00	2.018048e+01	1.040566e+17
1341	9.139349e+15	0.000000e+00	4.913907e+01	1.520571e+17
1342	9.140394e+15	0.000000e+00	2.102604e+01	6.056509e+16
1343	9.141648e+15	0.000000e+00	6.001907e+01	8.095371e+16
1344	9.142345e+15	0.000000e+00	2.174421e+01	4.308797e+16
1345	9.143182e+15	0.000000e+00	2.176213e+01	5.385297e+16
1346	9.144186e+15	0.000000e+00	2.174129e+01	4.346833e+16
1347	9.145390e+15	0.000000e+00	2.672578e+01	1.084321e+17
1348	9.146640e+15	0.000000e+00	2.695436e+01	9.205791e+16
1349	9.147913e+15	0.000000e+00	2.098742e+01	1.113676e+17
1350	9.149441e+15	0.000000e+00	3.874614e+01	9.954451e+16
1351	9.150596e+15	0.000000e+00	2.830482e+01	8.027761e+16
1352	9.151684e+15	0.000000e+00	1.968664e+01	7.051575e+16
1353	9.152990e+15	0.000000e+00	3.215440e+01	7.623821e+16
1354	9.154085e+15	0.000000e+00	1.819524e+01	6.793925e+16
1355	9.155398e+15	0.000000e+00	1.770236e+01	1.126261e+17
1356	9.156974e+15	0.000000e+00	3.144547e+01	1.196759e+17
1357	9.158193e+15	0.000000e+00	1.618458e+01	5.647856e+16
1358	9.159655e+15	0.000000e+00	5.129191e+01	1.125808e+17
1359	9.160380e+15	0.000000e+00	1.488632e+01	2.241884e+16
1360	9.161251e+15	0.000000e+00	1.443960e+01	3.938548e+16
1361	9.162296e+15	0.000000e+00	1.418036e+01	5.836001e+16
1362	9.163549e+15	0.000000e+00	1.388744e+01	8.905324e+16
1363	9.165054e+15	0.000000e+00	2.559500e+01	8.615060e+16
1364	9.166225e+15	0.000000e+00	1.342841e+01	4.648073e+16
1365	9.167630e+15	0.000000e+00	3.693845e+01	9.445493e+16
1366	9.168438e+15	0.000000e+00	1.291495e+01	4.957409e+16
1367	9.169406e+15	0.000000e+00	1.293299e+01	7.146645e+16
1368	9.170568e+15	0.000000e+00	1.509800e+01	8.693107e+16
1369	9.171822e+15	0.000000e+00	1.265406e+01	7.561348e+16
1370	9.173327e+15	0.000000e+00	1.255893e+01	1.031012e+17
1371	9.175133e+15	0.000000e+00	4.021169e+01	8.923912e+16
1372	9.176076e+15	0.000000e+00	1.104413e+01	1.880943e+16
1373	9.177208e+15	0.000000e+00	1.101633e+01	3.363572e+16
1374	9.178565e+15	0.000000e+00	1.095941e+01	9.448851e+16
1375	9.180195e+15	0.000000e+00	1.870794e+01	9.119794e+16
1376	9.181591e+15	0.000000e+00	1.086335e+01	8.433337e+16
1377	9.183266e+15	0.000000e+00	4.146563e+01	7.177717e+16
1378	9.184059e+15	0.000000e+00	1.074691e+01	3.632545e+16
1379	9.185010e+15	0.000000e+00	1.079708e+01	5.179303e+16
1380	9.186152e+15	0.000000e+00	1.081235e+01	5.151624e+16
1381	9.187522e+15	0.000000e+00	1.094041e+01	4.972186e+16
1382	9.189165e+15	0.000000e+00	3.766167e+01	4.171146e+16
1383	9.190040e+15	0.000000e+00	1.119130e+01	2.076022e+16
1384	9.191089e+15	0.000000e+00	1.113930e+01	1.596605e+16
1385	9.192348e+15	0.000000e+00	1.477830e+01	6.001611e+16
1386	9.193644e+15	0.000000e+00	1.144470e+01	5.592694e+16
1387	9.195199e+15	0.000000e+00	2.081215e+01	4.721307e+16
1388	9.196504e+15	0.000000e+00	1.239837e+01	4.934822e+16
1389	9.197979e+15	0.000000e+00	1.121758e+01	7.280460e+16
1390	9.199749e+15	0.000000e+00	3.387054e+01	7.122624e+16
1391	9.200837e+15	0.000000e+00	1.228020e+01	3.850821e+16
1392	9.202142e+15	3.070872e-04	1.246705e+01	3.606773e+16
1393	9.203709e+15	1.508880e-03	1.254462e+01	3.271047e+16
1394	9.205588e+15	2.132551e-02	5.473700e+01	9.495112e+16
1395	9.206419e+15	4.635484e-03	1.229611e+01	5.210851e+16
1396	9.207415e+15	2.229156e-03	1.340755e+01	8.051784e+16
1397	9.208611e+15	3.705419e-03	1.304973e+01	2.555356e+16
1398	9.210046e+15	7.889680e-03	1.578524e+01	7.657130e+16
1399	9.211579e+15	9.932130e-03	1.268736e+01	5.784275e+16
1400	9.213419e+15	1.989500e-02	3.406446e+01	9.481981e+16
1401	9.214587e+15	5.644271e-03	1.214244e+01	1.763559e+16
1402	9.215988e+15	6.132653e-03	2.027144e+01	4.983533e+16
1403	9.217230e+15	2.684763e-03	1.190482e+01	4.187721e+16
1404	9.218720e+15	5.981098e-03	1.187276e+01	5.775902e+16
1405	9.220508e+15	1.248673e-02	3.163968e+01	6.032611e+16
1406	9.221671e+15	1.067237e-02	2.305801e+01	5.789618e+15
1407	9.222615e+15	7.031925e-03	1.179855e+01	1.888622e+16
1408	9.223748e+15	5.397640e-03	1.165308e+01	4.232518e+16
1409	9.225108e+15	1.063379e-02	2.182090e+01	5.802747e+15
1410	9.226229e+15	1.124225e-02	1.884985e+01	4.701669e+16
1411	9.227235e+15	1.893749e-02	1.081938e+01	1.189056e+16
1412	9.228441e+15	2.339404e-02	1.393797e+01	3.358147e+16
1413	9.229783e+15	2.008997e-02	1.171100e+01	3.615310e+16
1414	9.231393e+15	2.733361e-02	2.357989e+01	6.851199e+16
1415	9.232629e+15	1.107478e-02	1.038659e+01	6.223808e+15
1416	9.234113e+15	7.913279e-03	1.000804e+01	3.386899e+16
1417	9.235894e+15	6.301805e-02	7.443078e+01	6.757491e+16
1418	9.236417e+15	4.510293e-03	9.013842e+00	2.873332e+16
1419	9.237045e+15	3.364748e-03	8.853701e+00	2.473953e+16
1420	9.237799e+15	2.948638e-03	1.074140e+01	1.333540e+16
1421	9.238625e+15	1.354377e-03	8.864229e+00	3.494767e+16
1422	9.239615e+15	9.107346e-04	9.005197e+00	2.611532e+16
1423	9.240790e+15	5.330049e-04	8.781984e+00	2.044548e+16
1424	9.242199e+15	1.068134e-03	1.971515e+01	3.533464e+16
1425	9.243269e+15	1.183923e-04	8.901756e+00	1.195195e+16
1426	9.244552e+15	1.337125e-03	9.712288e+00	2.979799e+16
1427	9.246041e+15	2.892138e-03	9.357646e+00	3.975443e+16
1428	9.247827e+15	4.830842e-03	1.845191e+01	4.886608e+16
1429	9.249306e+15	2.462263e-03	9.982265e+00	1.653060e+16
1430	9.251081e+15	2.692603e-03	1.648397e+01	4.416584e+16
1431	9.252689e+15	2.797024e-03	1.403170e+01	4.376569e+16
1432	9.254322e+15	9.911159e-03	3.571405e+01	2.299611e+16
1433	9.255220e+15	2.786259e-03	1.100880e+01	2.009712e+16
1434	9.256297e+15	2.493257e-03	1.076448e+01	2.497587e+16
1435	9.257589e+15	3.263273e-03	1.719659e+01	3.274680e+16
1436	9.258783e+15	2.974594e-03	1.890040e+01	1.901298e+16
1437	9.259838e+15	1.462167e-03	1.146594e+01	1.977101e+16
1438	9.261103e+15	2.038950e-03	1.947682e+01	2.603642e+16
1439	9.262207e+15	7.953777e-04	1.153127e+01	3.313197e+16
1440	9.263533e+15	2.537961e-04	1.161220e+01	2.462834e+16
1441	9.265124e+15	5.582772e-04	1.181573e+01	5.274620e+16
1442	9.267033e+15	1.435484e-03	3.761650e+01	1.040526e+17
1443	9.268136e+15	3.392819e-04	1.240401e+01	3.303318e+16
1444	9.269460e+15	2.671498e-03	1.260004e+01	5.166999e+16
1445	9.271049e+15	1.995874e-03	1.308839e+01	4.103665e+16
1446	9.272956e+15	2.656205e-03	3.005138e+01	7.227007e+16
1447	9.274309e+15	7.981518e-04	1.636443e+01	5.205658e+16
1448	9.275719e+15	1.008143e-03	2.758255e+01	6.466189e+16
1449	9.276756e+15	1.475325e-04	1.248194e+01	6.694733e+16
1450	9.278001e+15	5.602349e-04	2.954073e+01	5.765298e+16
1451	9.278856e+15	0.000000e+00	1.201453e+01	2.583254e+16
1452	9.279882e+15	0.000000e+00	1.179519e+01	3.846807e+16
1453	9.281113e+15	0.000000e+00	1.141704e+01	4.379671e+16
1454	9.282591e+15	6.768865e-04	1.757985e+01	3.200985e+16
1455	9.283945e+15	4.516854e-04	1.684023e+01	3.146245e+16
1456	9.285168e+15	3.864472e-04	2.580066e+01	2.548624e+16
1457	9.285988e+15	0.000000e+00	9.781950e+00	3.234989e+16
1458	9.286973e+15	1.133270e-03	9.597508e+00	3.211657e+16
1459	9.288154e+15	1.847127e-03	9.451746e+00	5.030317e+16
1460	9.289571e+15	2.185504e-03	9.229289e+00	3.174078e+16
1461	9.291272e+15	2.214995e-03	1.574238e+01	5.574420e+16
1462	9.292739e+15	1.195919e-03	1.488080e+01	0.000000e+00
1463	9.293999e+15	0.000000e+00	7.695096e+00	4.446441e+16
1464	9.295510e+15	2.133027e-04	1.237086e+01	6.456578e+16
1465	9.296864e+15	9.429991e-05	9.774031e+00	4.329608e+16
1466	9.298235e+15	8.340514e-04	6.823503e+00	4.368006e+16
1467	9.299881e+15	8.822978e-04	1.334761e+01	3.129876e+16
1468	9.301194e+15	1.980909e-04	6.422220e+00	3.890382e+16
1469	9.302733e+15	2.526943e-05	6.184189e+00	5.244786e+16
1470	9.304529e+15	0.000000e+00	6.279221e+00	1.948608e+16
1471	9.306567e+15	0.000000e+00	1.802704e+01	8.424566e+16
1472	9.307778e+15	0.000000e+00	4.985747e+00	2.398341e+16
1473	9.309232e+15	0.000000e+00	1.047911e+01	8.013893e+16
1474	9.310396e+15	0.000000e+00	9.488994e+00	4.993764e+16
1475	9.311390e+15	0.000000e+00	4.995629e+00	2.610697e+16
1476	9.312583e+15	0.000000e+00	5.005247e+00	1.819692e+16
1477	9.314014e+15	0.000000e+00	4.971037e+00	2.596801e+16
1478	9.315732e+15	0.000000e+00	5.505629e+00	6.429664e+16
1479	9.317690e+15	0.000000e+00	6.944238e+00	7.419597e+16
1480	9.319660e+15	0.000000e+00	2.457484e+01	6.240851e+16
1481	9.320554e+15	0.000000e+00	4.581828e+00	1.917637e+16
1482	9.321628e+15	0.000000e+00	4.487762e+00	2.460437e+16
1483	9.322916e+15	0.000000e+00	8.295082e+00	3.825211e+16
1484	9.324055e+15	0.000000e+00	4.250017e+00	3.591755e+16
1485	9.325422e+15	0.000000e+00	4.382500e+00	4.856078e+16
1486	9.327015e+15	0.000000e+00	1.408756e+01	5.899748e+16
1487	9.328005e+15	0.000000e+00	3.958532e+00	3.360011e+16
1488	9.329192e+15	0.000000e+00	3.752147e+00	5.134653e+16
1489	9.330617e+15	0.000000e+00	3.753059e+00	4.394939e+16
1490	9.332327e+15	0.000000e+00	2.498543e+01	1.836495e+16
1491	9.333024e+15	0.000000e+00	3.898158e+00	1.845084e+16
1492	9.333861e+15	0.000000e+00	3.948946e+00	0.000000e+00
1493	9.334865e+15	0.000000e+00	3.976040e+00	2.994528e+16
1494	9.336070e+15	0.000000e+00	4.053822e+00	1.243967e+16
1495	9.337516e+15	0.000000e+00	4.117415e+00	3.880832e+16
1496	9.339251e+15	0.000000e+00	8.298932e+00	4.844333e+16
1497	9.340762e+15	0.000000e+00	4.631163e+00	1.979930e+16
1498	9.342576e+15	0.000000e+00	1.002509e+01	5.403525e+16
1499	9.344113e+15	0.000000e+00	1.608110e+01	6.773596e+16
1500	9.345133e+15	0.000000e+00	5.822006e+00	2.610905e+16
1501	9.346358e+15	0.000000e+00	1.259889e+01	1.214829e+16
1502	9.347368e+15	0.000000e+00	6.476377e+00	2.979428e+16
1503	9.348581e+15	0.000000e+00	9.535459e+00	3.716476e+16
1504	9.349800e+15	0.000000e+00	6.918849e+00	2.948830e+16
1505	9.351262e+15	0.000000e+00	7.015953e+00	3.106459e+16
1506	9.353016e+15	0.000000e+00	1.770429e+01	4.322679e+16
1507	9.354308e+15	0.000000e+00	7.406299e+00	2.995225e+16
1508	9.355857e+15	0.000000e+00	1.370076e+01	7.341938e+16
1509	9.357231e+15	0.000000e+00	1.234794e+01	7.424636e+16
1510	9.358538e+15	0.000000e+00	7.914451e+00	3.594198e+16
1511	9.360107e+15	0.000000e+00	4.635421e+01	7.567026e+16
1512	9.360739e+15	0.000000e+00	8.111195e+00	5.741824e+15
1513	9.361498e+15	0.000000e+00	8.171162e+00	3.167831e+16
1514	9.362409e+15	0.000000e+00	8.305226e+00	2.710788e+16
1515	9.363502e+15	0.000000e+00	8.384493e+00	3.977616e+16
1516	9.364814e+15	0.000000e+00	8.528911e+00	4.279818e+16
1517	9.366388e+15	0.000000e+00	9.879153e+00	4.421001e+16
1518	9.368167e+15	0.000000e+00	3.279133e+01	1.244096e+17
1519	9.369150e+15	0.000000e+00	8.926126e+00	1.864857e+16
1520	9.370330e+15	0.000000e+00	1.371810e+01	6.220888e+16
1521	9.371458e+15	0.000000e+00	9.283216e+00	4.993811e+16
1522	9.372773e+15	0.000000e+00	2.629338e+01	6.155660e+16
1523	9.373613e+15	0.000000e+00	8.761852e+00	5.734313e+16
1524	9.374621e+15	0.000000e+00	8.774901e+00	1.944317e+16
1525	9.375831e+15	0.000000e+00	8.800078e+00	3.772841e+16
1526	9.377282e+15	0.000000e+00	8.798642e+00	5.710589e+16
1527	9.379024e+15	0.000000e+00	2.637133e+01	7.291404e+16
1528	9.380123e+15	0.000000e+00	8.382103e+00	3.802248e+16
1529	9.381443e+15	0.000000e+00	2.301509e+01	4.547826e+16
1530	9.382335e+15	0.000000e+00	8.139181e+00	7.356422e+15
1531	9.383405e+15	0.000000e+00	8.056718e+00	0.000000e+00
1532	9.384690e+15	0.000000e+00	1.326085e+01	3.980947e+16
1533	9.385884e+15	0.000000e+00	7.899548e+00	2.672309e+16
1534	9.387317e+15	0.000000e+00	8.707775e+00	2.649418e+16
1535	9.388947e+15	0.000000e+00	1.186894e+01	3.193043e+16
1536	9.390532e+15	0.000000e+00	1.413083e+01	5.415086e+16
1537	9.391929e+15	0.000000e+00	1.930191e+01	4.711315e+16
1538	9.392959e+15	0.000000e+00	7.765177e+00	1.357366e+16
1539	9.394194e+15	0.000000e+00	7.829721e+00	2.528444e+16
1540	9.395677e+15	0.000000e+00	7.859768e+00	3.148057e+16
1541	9.397456e+15	0.000000e+00	1.645745e+01	6.690516e+16
1542	9.398936e+15	0.000000e+00	8.088607e+00	3.449407e+16
1543	9.400712e+15	0.000000e+00	4.432423e+01	1.505651e+16
1544	9.401483e+15	0.000000e+00	8.106763e+00	3.085662e+16
1545	9.402407e+15	0.000000e+00	8.199464e+00	1.838822e+16
1546	9.403517e+15	0.000000e+00	8.249761e+00	5.702707e+16
1547	9.404848e+15	0.000000e+00	8.353624e+00	6.748153e+16
1548	9.406445e+15	0.000000e+00	2.563485e+01	4.483858e+16
1549	9.407481e+15	0.000000e+00	8.288596e+00	3.821735e+16
1550	9.408724e+15	0.000000e+00	8.397529e+00	2.923826e+16
1551	9.410215e+15	0.000000e+00	1.948880e+01	4.927192e+16
1552	9.411382e+15	0.000000e+00	8.538250e+00	5.454227e+16
1553	9.412782e+15	0.000000e+00	8.574646e+00	1.288514e+16
1554	9.414461e+15	0.000000e+00	1.808735e+01	6.041642e+16
1555	9.415841e+15	0.000000e+00	8.420996e+00	5.779169e+16
1556	9.417498e+15	0.000000e+00	1.598551e+01	5.373773e+16
1557	9.418954e+15	0.000000e+00	1.109419e+01	7.430755e+16
1558	9.420505e+15	1.535574e-04	8.620121e+00	6.755055e+16
1559	9.422365e+15	1.343614e-03	2.663974e+01	1.032486e+17
1560	9.423576e+15	1.918552e-03	8.721898e+00	4.737491e+16
1561	9.425029e+15	8.825652e-03	8.555495e+00	4.103717e+16
1562	9.426773e+15	2.079670e-02	2.019291e+01	1.217848e+17
1563	9.428093e+15	1.350195e-02	8.252438e+00	7.073296e+16
1564	9.429677e+15	6.884957e-03	8.083001e+00	6.404705e+16
1565	9.431578e+15	7.341844e-03	8.170873e+00	8.075796e+16
1566	9.433836e+15	1.324973e-02	2.843616e+01	9.065238e+16
1567	9.435146e+15	1.627846e-03	7.195611e+00	5.238306e+16
1568	9.436718e+15	1.276268e-03	7.114367e+00	6.387530e+16
1569	9.438604e+15	1.885764e-03	2.530826e+01	9.123418e+16
1570	9.439734e+15	2.735136e-04	6.755120e+00	5.868698e+16
1571	9.441090e+15	0.000000e+00	7.593423e+00	6.432923e+16
1572	9.442619e+15	0.000000e+00	6.601333e+00	4.013066e+16
1573	9.444453e+15	0.000000e+00	1.985700e+01	7.097098e+16
1574	9.445655e+15	0.000000e+00	6.279150e+00	4.003680e+16
1575	9.447096e+15	0.000000e+00	6.165102e+00	5.389639e+16
1576	9.448826e+15	0.000000e+00	2.608912e+01	1.013493e+17
1577	9.449741e+15	0.000000e+00	5.839713e+00	5.743672e+15
1578	9.450838e+15	0.000000e+00	5.734203e+00	5.919057e+15
