# W => 2.0e6
# method => lookup
# mantle temperature => 1573.0
# melting plot interval => 6.3e13
# max step => -1
# nx => 101
# lithosphere thickness => 90000.11
# marky => 12
# plot interval field => 3.15e14
# plot interval marker => 1.575e15
# H => 2.85e6
# g => 10.0
# ny => 143
# Tcmb => 2998.5489127396577
# max time => 9.45e15
# output directory => plume_150000.5_350.0_90000.11
# eclogite frac => 0.25
# markx => 6
1	0.000000e+00	0.000000e+00	0.000000e+00	0.000000e+00
2	1.000000e+10	0.000000e+00	0.000000e+00	0.000000e+00
3	2.200000e+10	0.000000e+00	0.000000e+00	0.000000e+00
4	3.640000e+10	0.000000e+00	0.000000e+00	0.000000e+00
5	5.368000e+10	0.000000e+00	0.000000e+00	0.000000e+00
6	7.441600e+10	0.000000e+00	0.000000e+00	0.000000e+00
7	9.929920e+10	0.000000e+00	0.000000e+00	0.000000e+00
8	1.291590e+11	0.000000e+00	0.000000e+00	0.000000e+00
9	1.649908e+11	0.000000e+00	0.000000e+00	0.000000e+00
10	2.079890e+11	0.000000e+00	0.000000e+00	0.000000e+00
11	2.595868e+11	0.000000e+00	0.000000e+00	0.000000e+00
12	3.215042e+11	0.000000e+00	0.000000e+00	0.000000e+00
13	3.958050e+11	0.000000e+00	0.000000e+00	0.000000e+00
14	4.849660e+11	0.000000e+00	0.000000e+00	0.000000e+00
15	5.919592e+11	0.000000e+00	0.000000e+00	0.000000e+00
16	7.203511e+11	0.000000e+00	0.000000e+00	0.000000e+00
17	8.744213e+11	0.000000e+00	0.000000e+00	0.000000e+00
18	1.059306e+12	0.000000e+00	0.000000e+00	0.000000e+00
19	1.281167e+12	0.000000e+00	0.000000e+00	0.000000e+00
20	1.547400e+12	0.000000e+00	0.000000e+00	0.000000e+00
21	1.866880e+12	0.000000e+00	0.000000e+00	0.000000e+00
22	2.250256e+12	0.000000e+00	0.000000e+00	0.000000e+00
23	2.710307e+12	0.000000e+00	0.000000e+00	0.000000e+00
24	3.262369e+12	0.000000e+00	0.000000e+00	0.000000e+00
25	3.924842e+12	0.000000e+00	0.000000e+00	0.000000e+00
26	4.719811e+12	0.000000e+00	0.000000e+00	0.000000e+00
27	5.673773e+12	0.000000e+00	0.000000e+00	0.000000e+00
28	6.818528e+12	0.000000e+00	0.000000e+00	0.000000e+00
29	8.192233e+12	0.000000e+00	0.000000e+00	0.000000e+00
30	9.840680e+12	0.000000e+00	0.000000e+00	0.000000e+00
31	1.181882e+13	0.000000e+00	0.000000e+00	0.000000e+00
32	1.419258e+13	0.000000e+00	0.000000e+00	0.000000e+00
33	1.704109e+13	0.000000e+00	0.000000e+00	0.000000e+00
34	2.045931e+13	0.000000e+00	0.000000e+00	0.000000e+00
35	2.456118e+13	0.000000e+00	0.000000e+00	0.000000e+00
36	2.948341e+13	0.000000e+00	0.000000e+00	0.000000e+00
37	3.539009e+13	0.000000e+00	0.000000e+00	0.000000e+00
38	4.247811e+13	0.000000e+00	0.000000e+00	0.000000e+00
39	5.098373e+13	0.000000e+00	0.000000e+00	0.000000e+00
40	6.119048e+13	0.000000e+00	0.000000e+00	0.000000e+00
41	7.343858e+13	0.000000e+00	0.000000e+00	0.000000e+00
42	8.813629e+13	0.000000e+00	0.000000e+00	0.000000e+00
43	1.057736e+14	0.000000e+00	0.000000e+00	0.000000e+00
44	1.269383e+14	0.000000e+00	0.000000e+00	0.000000e+00
45	1.523359e+14	0.000000e+00	0.000000e+00	0.000000e+00
46	1.828131e+14	0.000000e+00	0.000000e+00	0.000000e+00
47	2.193857e+14	0.000000e+00	0.000000e+00	0.000000e+00
48	2.632729e+14	0.000000e+00	0.000000e+00	0.000000e+00
49	3.159374e+14	0.000000e+00	0.000000e+00	0.000000e+00
50	3.432382e+14	0.000000e+00	0.000000e+00	0.000000e+00
51	3.614778e+14	0.000000e+00	0.000000e+00	0.000000e+00
52	3.751675e+14	0.000000e+00	0.000000e+00	0.000000e+00
53	3.863307e+14	0.000000e+00	0.000000e+00	0.000000e+00
54	3.959505e+14	0.000000e+00	0.000000e+00	0.000000e+00
55	4.045061e+14	0.000000e+00	0.000000e+00	0.000000e+00
56	4.123106e+14	0.000000e+00	0.000000e+00	0.000000e+00
57	4.195664e+14	0.000000e+00	0.000000e+00	0.000000e+00
58	4.264690e+14	0.000000e+00	0.000000e+00	0.000000e+00
59	4.330114e+14	0.000000e+00	0.000000e+00	0.000000e+00
60	4.393943e+14	0.000000e+00	0.000000e+00	0.000000e+00
61	4.455421e+14	0.000000e+00	0.000000e+00	0.000000e+00
62	4.514641e+14	0.000000e+00	0.000000e+00	0.000000e+00
63	4.572044e+14	0.000000e+00	0.000000e+00	0.000000e+00
64	4.627902e+14	0.000000e+00	0.000000e+00	0.000000e+00
65	4.682157e+14	0.000000e+00	0.000000e+00	0.000000e+00
66	4.735350e+14	0.000000e+00	0.000000e+00	0.000000e+00
67	4.787978e+14	0.000000e+00	0.000000e+00	0.000000e+00
68	4.838711e+14	0.000000e+00	0.000000e+00	0.000000e+00
69	4.889497e+14	0.000000e+00	0.000000e+00	0.000000e+00
70	4.939964e+14	0.000000e+00	0.000000e+00	0.000000e+00
71	4.989017e+14	0.000000e+00	0.000000e+00	0.000000e+00
72	5.037915e+14	0.000000e+00	0.000000e+00	0.000000e+00
73	5.086353e+14	0.000000e+00	0.000000e+00	0.000000e+00
74	5.133790e+14	0.000000e+00	0.000000e+00	0.000000e+00
75	5.181493e+14	0.000000e+00	0.000000e+00	0.000000e+00
76	5.229196e+14	0.000000e+00	0.000000e+00	0.000000e+00
77	5.276243e+14	0.000000e+00	0.000000e+00	0.000000e+00
78	5.324571e+14	0.000000e+00	0.000000e+00	0.000000e+00
79	5.373134e+14	0.000000e+00	0.000000e+00	0.000000e+00
80	5.421974e+14	0.000000e+00	0.000000e+00	0.000000e+00
81	5.471667e+14	0.000000e+00	0.000000e+00	0.000000e+00
82	5.522121e+14	0.000000e+00	0.000000e+00	0.000000e+00
83	5.573997e+14	0.000000e+00	0.000000e+00	0.000000e+00
84	5.626057e+14	0.000000e+00	0.000000e+00	0.000000e+00
85	5.678806e+14	0.000000e+00	0.000000e+00	0.000000e+00
86	5.733429e+14	0.000000e+00	0.000000e+00	0.000000e+00
87	5.788504e+14	0.000000e+00	0.000000e+00	0.000000e+00
88	5.845388e+14	0.000000e+00	0.000000e+00	0.000000e+00
89	5.902734e+14	0.000000e+00	0.000000e+00	0.000000e+00
90	5.962514e+14	0.000000e+00	0.000000e+00	0.000000e+00
91	6.026836e+14	0.000000e+00	0.000000e+00	0.000000e+00
92	6.092998e+14	0.000000e+00	0.000000e+00	0.000000e+00
93	6.161558e+14	0.000000e+00	0.000000e+00	0.000000e+00
94	6.230495e+14	0.000000e+00	0.000000e+00	0.000000e+00
95	6.303881e+14	0.000000e+00	0.000000e+00	0.000000e+00
96	6.385041e+14	0.000000e+00	0.000000e+00	0.000000e+00
97	6.466615e+14	0.000000e+00	0.000000e+00	0.000000e+00
98	6.550780e+14	0.000000e+00	0.000000e+00	0.000000e+00
99	6.636618e+14	0.000000e+00	0.000000e+00	0.000000e+00
100	6.723532e+14	0.000000e+00	0.000000e+00	0.000000e+00
101	6.810035e+14	0.000000e+00	0.000000e+00	0.000000e+00
102	6.895913e+14	0.000000e+00	0.000000e+00	0.000000e+00
103	6.982198e+14	0.000000e+00	0.000000e+00	0.000000e+00
104	7.068266e+14	0.000000e+00	0.000000e+00	0.000000e+00
105	7.153904e+14	0.000000e+00	0.000000e+00	0.000000e+00
106	7.239698e+14	0.000000e+00	0.000000e+00	0.000000e+00
107	7.326161e+14	0.000000e+00	0.000000e+00	0.000000e+00
108	7.412825e+14	0.000000e+00	0.000000e+00	0.000000e+00
109	7.499826e+14	0.000000e+00	0.000000e+00	0.000000e+00
110	7.586754e+14	0.000000e+00	0.000000e+00	0.000000e+00
111	7.674153e+14	0.000000e+00	0.000000e+00	0.000000e+00
112	7.762741e+14	0.000000e+00	0.000000e+00	0.000000e+00
113	7.852276e+14	0.000000e+00	0.000000e+00	0.000000e+00
114	7.942084e+14	0.000000e+00	0.000000e+00	0.000000e+00
115	8.033266e+14	0.000000e+00	0.000000e+00	0.000000e+00
116	8.124980e+14	0.000000e+00	0.000000e+00	0.000000e+00
117	8.218102e+14	0.000000e+00	0.000000e+00	0.000000e+00
118	8.312850e+14	0.000000e+00	0.000000e+00	0.000000e+00
119	8.409314e+14	0.000000e+00	0.000000e+00	0.000000e+00
120	8.507887e+14	0.000000e+00	0.000000e+00	0.000000e+00
121	8.607985e+14	0.000000e+00	0.000000e+00	0.000000e+00
122	8.709196e+14	0.000000e+00	0.000000e+00	0.000000e+00
123	8.810723e+14	0.000000e+00	0.000000e+00	0.000000e+00
124	8.913928e+14	0.000000e+00	0.000000e+00	0.000000e+00
125	9.017646e+14	0.000000e+00	0.000000e+00	0.000000e+00
126	9.121441e+14	0.000000e+00	0.000000e+00	0.000000e+00
127	9.227579e+14	0.000000e+00	0.000000e+00	0.000000e+00
128	9.332927e+14	0.000000e+00	0.000000e+00	0.000000e+00
129	9.440753e+14	0.000000e+00	0.000000e+00	0.000000e+00
130	9.549282e+14	0.000000e+00	0.000000e+00	0.000000e+00
131	9.658277e+14	0.000000e+00	0.000000e+00	0.000000e+00
132	9.768879e+14	0.000000e+00	0.000000e+00	0.000000e+00
133	9.881025e+14	0.000000e+00	0.000000e+00	0.000000e+00
134	9.994410e+14	0.000000e+00	0.000000e+00	0.000000e+00
135	1.010947e+15	0.000000e+00	0.000000e+00	0.000000e+00
136	1.022602e+15	0.000000e+00	0.000000e+00	0.000000e+00
137	1.034505e+15	0.000000e+00	0.000000e+00	0.000000e+00
138	1.046466e+15	0.000000e+00	0.000000e+00	0.000000e+00
139	1.058683e+15	0.000000e+00	0.000000e+00	0.000000e+00
140	1.071020e+15	0.000000e+00	0.000000e+00	0.000000e+00
141	1.083527e+15	0.000000e+00	0.000000e+00	0.000000e+00
142	1.096322e+15	0.000000e+00	0.000000e+00	0.000000e+00
143	1.109316e+15	0.000000e+00	0.000000e+00	0.000000e+00
144	1.122518e+15	0.000000e+00	0.000000e+00	0.000000e+00
145	1.136009e+15	0.000000e+00	0.000000e+00	0.000000e+00
146	1.149806e+15	0.000000e+00	0.000000e+00	0.000000e+00
147	1.163930e+15	0.000000e+00	0.000000e+00	0.000000e+00
148	1.178287e+15	0.000000e+00	0.000000e+00	0.000000e+00
149	1.192879e+15	0.000000e+00	0.000000e+00	0.000000e+00
150	1.207780e+15	0.000000e+00	0.000000e+00	0.000000e+00
151	1.222582e+15	0.000000e+00	0.000000e+00	0.000000e+00
152	1.237444e+15	0.000000e+00	0.000000e+00	0.000000e+00
153	1.252193e+15	0.000000e+00	0.000000e+00	0.000000e+00
154	1.266859e+15	0.000000e+00	0.000000e+00	0.000000e+00
155	1.281105e+15	0.000000e+00	0.000000e+00	0.000000e+00
156	1.294817e+15	0.000000e+00	0.000000e+00	0.000000e+00
157	1.308279e+15	0.000000e+00	0.000000e+00	0.000000e+00
158	1.321543e+15	0.000000e+00	0.000000e+00	0.000000e+00
159	1.335035e+15	0.000000e+00	0.000000e+00	0.000000e+00
160	1.348107e+15	0.000000e+00	0.000000e+00	0.000000e+00
161	1.360896e+15	0.000000e+00	0.000000e+00	0.000000e+00
162	1.373629e+15	0.000000e+00	0.000000e+00	0.000000e+00
163	1.385596e+15	0.000000e+00	0.000000e+00	0.000000e+00
164	1.397532e+15	0.000000e+00	0.000000e+00	0.000000e+00
165	1.408997e+15	0.000000e+00	0.000000e+00	0.000000e+00
166	1.420474e+15	0.000000e+00	0.000000e+00	0.000000e+00
167	1.431833e+15	0.000000e+00	0.000000e+00	0.000000e+00
168	1.443321e+15	0.000000e+00	0.000000e+00	0.000000e+00
169	1.455244e+15	0.000000e+00	0.000000e+00	0.000000e+00
170	1.467459e+15	0.000000e+00	0.000000e+00	0.000000e+00
171	1.480345e+15	0.000000e+00	0.000000e+00	0.000000e+00
172	1.493263e+15	0.000000e+00	0.000000e+00	0.000000e+00
173	1.506352e+15	0.000000e+00	0.000000e+00	0.000000e+00
174	1.519574e+15	0.000000e+00	0.000000e+00	0.000000e+00
175	1.532443e+15	0.000000e+00	0.000000e+00	0.000000e+00
176	1.545541e+15	0.000000e+00	0.000000e+00	0.000000e+00
177	1.558738e+15	0.000000e+00	0.000000e+00	0.000000e+00
178	1.571799e+15	0.000000e+00	0.000000e+00	0.000000e+00
179	1.584591e+15	0.000000e+00	0.000000e+00	0.000000e+00
180	1.597276e+15	0.000000e+00	0.000000e+00	0.000000e+00
181	1.610004e+15	0.000000e+00	0.000000e+00	0.000000e+00
182	1.622604e+15	0.000000e+00	0.000000e+00	0.000000e+00
183	1.635392e+15	0.000000e+00	0.000000e+00	0.000000e+00
184	1.648054e+15	0.000000e+00	0.000000e+00	0.000000e+00
185	1.660376e+15	0.000000e+00	0.000000e+00	0.000000e+00
186	1.673043e+15	0.000000e+00	0.000000e+00	0.000000e+00
187	1.685677e+15	0.000000e+00	0.000000e+00	0.000000e+00
188	1.698208e+15	0.000000e+00	0.000000e+00	0.000000e+00
189	1.710875e+15	0.000000e+00	0.000000e+00	0.000000e+00
190	1.723474e+15	0.000000e+00	0.000000e+00	0.000000e+00
191	1.735820e+15	0.000000e+00	0.000000e+00	0.000000e+00
192	1.747962e+15	0.000000e+00	0.000000e+00	0.000000e+00
193	1.759931e+15	0.000000e+00	0.000000e+00	0.000000e+00
194	1.771793e+15	0.000000e+00	0.000000e+00	0.000000e+00
195	1.783598e+15	0.000000e+00	0.000000e+00	0.000000e+00
196	1.795151e+15	0.000000e+00	0.000000e+00	0.000000e+00
197	1.806483e+15	0.000000e+00	0.000000e+00	0.000000e+00
198	1.817617e+15	0.000000e+00	0.000000e+00	0.000000e+00
199	1.828573e+15	0.000000e+00	0.000000e+00	0.000000e+00
200	1.839446e+15	0.000000e+00	0.000000e+00	0.000000e+00
201	1.850247e+15	0.000000e+00	0.000000e+00	0.000000e+00
202	1.861043e+15	0.000000e+00	0.000000e+00	0.000000e+00
203	1.871748e+15	0.000000e+00	0.000000e+00	0.000000e+00
204	1.882599e+15	0.000000e+00	0.000000e+00	0.000000e+00
205	1.893577e+15	0.000000e+00	0.000000e+00	0.000000e+00
206	1.904613e+15	0.000000e+00	0.000000e+00	0.000000e+00
207	1.915730e+15	0.000000e+00	0.000000e+00	0.000000e+00
208	1.926928e+15	0.000000e+00	0.000000e+00	0.000000e+00
209	1.938177e+15	0.000000e+00	0.000000e+00	0.000000e+00
210	1.949499e+15	0.000000e+00	0.000000e+00	0.000000e+00
211	1.961003e+15	0.000000e+00	0.000000e+00	0.000000e+00
212	1.972536e+15	0.000000e+00	0.000000e+00	0.000000e+00
213	1.984267e+15	0.000000e+00	0.000000e+00	0.000000e+00
214	1.996171e+15	0.000000e+00	0.000000e+00	0.000000e+00
215	2.008126e+15	0.000000e+00	0.000000e+00	0.000000e+00
216	2.020157e+15	0.000000e+00	0.000000e+00	0.000000e+00
217	2.032246e+15	0.000000e+00	0.000000e+00	0.000000e+00
218	2.044359e+15	0.000000e+00	0.000000e+00	0.000000e+00
219	2.056761e+15	0.000000e+00	0.000000e+00	0.000000e+00
220	2.069195e+15	0.000000e+00	0.000000e+00	0.000000e+00
221	2.081860e+15	0.000000e+00	0.000000e+00	0.000000e+00
222	2.094429e+15	0.000000e+00	0.000000e+00	0.000000e+00
223	2.106883e+15	0.000000e+00	0.000000e+00	0.000000e+00
224	2.119625e+15	0.000000e+00	0.000000e+00	0.000000e+00
225	2.132260e+15	0.000000e+00	0.000000e+00	0.000000e+00
226	2.144973e+15	0.000000e+00	0.000000e+00	0.000000e+00
227	2.157713e+15	0.000000e+00	0.000000e+00	0.000000e+00
228	2.170403e+15	0.000000e+00	0.000000e+00	0.000000e+00
229	2.182975e+15	0.000000e+00	0.000000e+00	0.000000e+00
230	2.195717e+15	0.000000e+00	0.000000e+00	0.000000e+00
231	2.208350e+15	0.000000e+00	0.000000e+00	0.000000e+00
232	2.220744e+15	0.000000e+00	0.000000e+00	0.000000e+00
233	2.233418e+15	0.000000e+00	0.000000e+00	0.000000e+00
234	2.245893e+15	0.000000e+00	0.000000e+00	0.000000e+00
235	2.258307e+15	0.000000e+00	0.000000e+00	0.000000e+00
236	2.270816e+15	0.000000e+00	0.000000e+00	0.000000e+00
237	2.283247e+15	0.000000e+00	0.000000e+00	0.000000e+00
238	2.295714e+15	0.000000e+00	0.000000e+00	0.000000e+00
239	2.308135e+15	0.000000e+00	0.000000e+00	0.000000e+00
240	2.320632e+15	0.000000e+00	0.000000e+00	0.000000e+00
241	2.333119e+15	0.000000e+00	0.000000e+00	0.000000e+00
242	2.345409e+15	0.000000e+00	0.000000e+00	0.000000e+00
243	2.357678e+15	0.000000e+00	0.000000e+00	0.000000e+00
244	2.369659e+15	0.000000e+00	0.000000e+00	0.000000e+00
245	2.381512e+15	0.000000e+00	0.000000e+00	0.000000e+00
246	2.393172e+15	0.000000e+00	0.000000e+00	0.000000e+00
247	2.404569e+15	0.000000e+00	0.000000e+00	0.000000e+00
248	2.415852e+15	0.000000e+00	0.000000e+00	0.000000e+00
249	2.426941e+15	0.000000e+00	0.000000e+00	0.000000e+00
250	2.438073e+15	0.000000e+00	0.000000e+00	0.000000e+00
251	2.449047e+15	0.000000e+00	0.000000e+00	0.000000e+00
252	2.459985e+15	0.000000e+00	0.000000e+00	0.000000e+00
253	2.470852e+15	0.000000e+00	0.000000e+00	0.000000e+00
254	2.481675e+15	0.000000e+00	0.000000e+00	0.000000e+00
255	2.492615e+15	0.000000e+00	0.000000e+00	0.000000e+00
256	2.503491e+15	0.000000e+00	0.000000e+00	0.000000e+00
257	2.514196e+15	0.000000e+00	0.000000e+00	0.000000e+00
258	2.524830e+15	0.000000e+00	0.000000e+00	0.000000e+00
259	2.535351e+15	0.000000e+00	0.000000e+00	0.000000e+00
260	2.545760e+15	0.000000e+00	0.000000e+00	0.000000e+00
261	2.556011e+15	0.000000e+00	0.000000e+00	0.000000e+00
262	2.566180e+15	0.000000e+00	0.000000e+00	0.000000e+00
263	2.576318e+15	0.000000e+00	0.000000e+00	0.000000e+00
264	2.586336e+15	0.000000e+00	0.000000e+00	0.000000e+00
265	2.596302e+15	0.000000e+00	0.000000e+00	0.000000e+00
266	2.606416e+15	0.000000e+00	0.000000e+00	0.000000e+00
267	2.616536e+15	0.000000e+00	0.000000e+00	0.000000e+00
268	2.626655e+15	0.000000e+00	0.000000e+00	0.000000e+00
269	2.636717e+15	0.000000e+00	0.000000e+00	0.000000e+00
270	2.646621e+15	0.000000e+00	0.000000e+00	0.000000e+00
271	2.656413e+15	0.000000e+00	0.000000e+00	0.000000e+00
272	2.666098e+15	0.000000e+00	0.000000e+00	0.000000e+00
273	2.675772e+15	0.000000e+00	0.000000e+00	0.000000e+00
274	2.685437e+15	0.000000e+00	0.000000e+00	0.000000e+00
275	2.695037e+15	0.000000e+00	0.000000e+00	0.000000e+00
276	2.704628e+15	0.000000e+00	0.000000e+00	0.000000e+00
277	2.714112e+15	0.000000e+00	0.000000e+00	0.000000e+00
278	2.723564e+15	0.000000e+00	0.000000e+00	0.000000e+00
279	2.732918e+15	0.000000e+00	0.000000e+00	0.000000e+00
280	2.742211e+15	0.000000e+00	0.000000e+00	0.000000e+00
281	2.751492e+15	0.000000e+00	0.000000e+00	0.000000e+00
282	2.760712e+15	0.000000e+00	0.000000e+00	0.000000e+00
283	2.769810e+15	0.000000e+00	0.000000e+00	0.000000e+00
284	2.778947e+15	0.000000e+00	0.000000e+00	0.000000e+00
285	2.787995e+15	0.000000e+00	0.000000e+00	0.000000e+00
286	2.796980e+15	0.000000e+00	0.000000e+00	0.000000e+00
287	2.805987e+15	0.000000e+00	0.000000e+00	0.000000e+00
288	2.814976e+15	0.000000e+00	0.000000e+00	0.000000e+00
289	2.823865e+15	0.000000e+00	0.000000e+00	0.000000e+00
290	2.832679e+15	0.000000e+00	0.000000e+00	0.000000e+00
291	2.841381e+15	0.000000e+00	0.000000e+00	0.000000e+00
292	2.849984e+15	0.000000e+00	0.000000e+00	0.000000e+00
293	2.858534e+15	0.000000e+00	0.000000e+00	0.000000e+00
294	2.867049e+15	0.000000e+00	0.000000e+00	0.000000e+00
295	2.875572e+15	0.000000e+00	0.000000e+00	0.000000e+00
296	2.884096e+15	0.000000e+00	0.000000e+00	0.000000e+00
297	2.892581e+15	0.000000e+00	0.000000e+00	0.000000e+00
298	2.901044e+15	0.000000e+00	0.000000e+00	0.000000e+00
299	2.909452e+15	0.000000e+00	0.000000e+00	0.000000e+00
300	2.917822e+15	0.000000e+00	0.000000e+00	0.000000e+00
301	2.926215e+15	0.000000e+00	0.000000e+00	0.000000e+00
302	2.934604e+15	0.000000e+00	0.000000e+00	0.000000e+00
303	2.943031e+15	0.000000e+00	0.000000e+00	0.000000e+00
304	2.951512e+15	0.000000e+00	0.000000e+00	0.000000e+00
305	2.960020e+15	0.000000e+00	0.000000e+00	0.000000e+00
306	2.968522e+15	0.000000e+00	0.000000e+00	0.000000e+00
307	2.977034e+15	0.000000e+00	0.000000e+00	0.000000e+00
308	2.985521e+15	0.000000e+00	0.000000e+00	0.000000e+00
309	2.993982e+15	0.000000e+00	0.000000e+00	0.000000e+00
310	3.002450e+15	0.000000e+00	0.000000e+00	0.000000e+00
311	3.010932e+15	0.000000e+00	0.000000e+00	0.000000e+00
312	3.019446e+15	0.000000e+00	0.000000e+00	0.000000e+00
313	3.027964e+15	0.000000e+00	0.000000e+00	0.000000e+00
314	3.036490e+15	0.000000e+00	0.000000e+00	0.000000e+00
315	3.045031e+15	0.000000e+00	0.000000e+00	0.000000e+00
316	3.053583e+15	0.000000e+00	0.000000e+00	0.000000e+00
317	3.062154e+15	0.000000e+00	0.000000e+00	0.000000e+00
318	3.070719e+15	0.000000e+00	0.000000e+00	0.000000e+00
319	3.079346e+15	0.000000e+00	0.000000e+00	0.000000e+00
320	3.088013e+15	0.000000e+00	0.000000e+00	0.000000e+00
321	3.096696e+15	0.000000e+00	0.000000e+00	0.000000e+00
322	3.105440e+15	0.000000e+00	0.000000e+00	0.000000e+00
323	3.114157e+15	0.000000e+00	0.000000e+00	0.000000e+00
324	3.122918e+15	0.000000e+00	0.000000e+00	0.000000e+00
325	3.131650e+15	0.000000e+00	0.000000e+00	0.000000e+00
326	3.140462e+15	0.000000e+00	0.000000e+00	0.000000e+00
327	3.149291e+15	0.000000e+00	0.000000e+00	0.000000e+00
328	3.158134e+15	0.000000e+00	0.000000e+00	0.000000e+00
329	3.167042e+15	0.000000e+00	0.000000e+00	0.000000e+00
330	3.175975e+15	0.000000e+00	0.000000e+00	0.000000e+00
331	3.184975e+15	0.000000e+00	0.000000e+00	0.000000e+00
332	3.193967e+15	0.000000e+00	0.000000e+00	0.000000e+00
333	3.202924e+15	0.000000e+00	0.000000e+00	0.000000e+00
334	3.211797e+15	0.000000e+00	0.000000e+00	0.000000e+00
335	3.220613e+15	0.000000e+00	0.000000e+00	0.000000e+00
336	3.229471e+15	0.000000e+00	0.000000e+00	0.000000e+00
337	3.238351e+15	0.000000e+00	0.000000e+00	0.000000e+00
338	3.247253e+15	0.000000e+00	0.000000e+00	0.000000e+00
339	3.256172e+15	0.000000e+00	0.000000e+00	0.000000e+00
340	3.265070e+15	0.000000e+00	0.000000e+00	0.000000e+00
341	3.273980e+15	0.000000e+00	0.000000e+00	0.000000e+00
342	3.282969e+15	0.000000e+00	0.000000e+00	0.000000e+00
343	3.292024e+15	0.000000e+00	0.000000e+00	0.000000e+00
344	3.301066e+15	0.000000e+00	0.000000e+00	0.000000e+00
345	3.310145e+15	0.000000e+00	0.000000e+00	0.000000e+00
346	3.319207e+15	0.000000e+00	0.000000e+00	0.000000e+00
347	3.328293e+15	0.000000e+00	0.000000e+00	0.000000e+00
348	3.337354e+15	0.000000e+00	0.000000e+00	0.000000e+00
349	3.346445e+15	0.000000e+00	0.000000e+00	0.000000e+00
350	3.355633e+15	0.000000e+00	0.000000e+00	0.000000e+00
351	3.364897e+15	0.000000e+00	0.000000e+00	0.000000e+00
352	3.374256e+15	0.000000e+00	0.000000e+00	0.000000e+00
353	3.383710e+15	0.000000e+00	0.000000e+00	0.000000e+00
354	3.393244e+15	0.000000e+00	0.000000e+00	0.000000e+00
355	3.402797e+15	0.000000e+00	0.000000e+00	0.000000e+00
356	3.412323e+15	0.000000e+00	0.000000e+00	0.000000e+00
357	3.421904e+15	0.000000e+00	0.000000e+00	0.000000e+00
358	3.431536e+15	0.000000e+00	0.000000e+00	0.000000e+00
359	3.441257e+15	0.000000e+00	0.000000e+00	0.000000e+00
360	3.450997e+15	0.000000e+00	0.000000e+00	0.000000e+00
361	3.460789e+15	0.000000e+00	0.000000e+00	0.000000e+00
362	3.470683e+15	0.000000e+00	0.000000e+00	0.000000e+00
363	3.480663e+15	0.000000e+00	0.000000e+00	0.000000e+00
364	3.490639e+15	0.000000e+00	0.000000e+00	0.000000e+00
365	3.500628e+15	0.000000e+00	0.000000e+00	0.000000e+00
366	3.510721e+15	0.000000e+00	0.000000e+00	0.000000e+00
367	3.520918e+15	0.000000e+00	0.000000e+00	0.000000e+00
368	3.531250e+15	0.000000e+00	0.000000e+00	0.000000e+00
369	3.541693e+15	0.000000e+00	0.000000e+00	0.000000e+00
370	3.552355e+15	0.000000e+00	0.000000e+00	0.000000e+00
371	3.563234e+15	0.000000e+00	0.000000e+00	0.000000e+00
372	3.574414e+15	0.000000e+00	0.000000e+00	0.000000e+00
373	3.585761e+15	0.000000e+00	0.000000e+00	0.000000e+00
374	3.597099e+15	0.000000e+00	0.000000e+00	0.000000e+00
375	3.608348e+15	0.000000e+00	0.000000e+00	0.000000e+00
376	3.619656e+15	0.000000e+00	0.000000e+00	0.000000e+00
377	3.631076e+15	0.000000e+00	0.000000e+00	0.000000e+00
378	3.642512e+15	0.000000e+00	0.000000e+00	0.000000e+00
379	3.654013e+15	0.000000e+00	0.000000e+00	0.000000e+00
380	3.665668e+15	0.000000e+00	0.000000e+00	0.000000e+00
381	3.677418e+15	0.000000e+00	0.000000e+00	0.000000e+00
382	3.689302e+15	0.000000e+00	0.000000e+00	0.000000e+00
383	3.701280e+15	0.000000e+00	0.000000e+00	0.000000e+00
384	3.713292e+15	0.000000e+00	0.000000e+00	0.000000e+00
385	3.725413e+15	0.000000e+00	0.000000e+00	0.000000e+00
386	3.737540e+15	0.000000e+00	0.000000e+00	0.000000e+00
387	3.749860e+15	0.000000e+00	0.000000e+00	0.000000e+00
388	3.762304e+15	0.000000e+00	0.000000e+00	0.000000e+00
389	3.774787e+15	0.000000e+00	0.000000e+00	0.000000e+00
390	3.787398e+15	0.000000e+00	0.000000e+00	0.000000e+00
391	3.800225e+15	0.000000e+00	0.000000e+00	0.000000e+00
392	3.813064e+15	0.000000e+00	0.000000e+00	0.000000e+00
393	3.825950e+15	0.000000e+00	0.000000e+00	0.000000e+00
394	3.838883e+15	0.000000e+00	0.000000e+00	0.000000e+00
395	3.851695e+15	0.000000e+00	0.000000e+00	0.000000e+00
396	3.864467e+15	0.000000e+00	0.000000e+00	0.000000e+00
397	3.877311e+15	0.000000e+00	0.000000e+00	0.000000e+00
398	3.890188e+15	0.000000e+00	0.000000e+00	0.000000e+00
399	3.903004e+15	0.000000e+00	0.000000e+00	0.000000e+00
400	3.915655e+15	0.000000e+00	0.000000e+00	0.000000e+00
401	3.928022e+15	0.000000e+00	0.000000e+00	0.000000e+00
402	3.940125e+15	0.000000e+00	0.000000e+00	0.000000e+00
403	3.952059e+15	0.000000e+00	0.000000e+00	0.000000e+00
404	3.963918e+15	0.000000e+00	0.000000e+00	0.000000e+00
405	3.975802e+15	0.000000e+00	0.000000e+00	0.000000e+00
406	3.987870e+15	0.000000e+00	0.000000e+00	0.000000e+00
407	4.000302e+15	0.000000e+00	0.000000e+00	0.000000e+00
408	4.013401e+15	0.000000e+00	0.000000e+00	0.000000e+00
409	4.027008e+15	0.000000e+00	0.000000e+00	0.000000e+00
410	4.040832e+15	0.000000e+00	0.000000e+00	0.000000e+00
411	4.054461e+15	0.000000e+00	0.000000e+00	0.000000e+00
412	4.067954e+15	0.000000e+00	0.000000e+00	0.000000e+00
413	4.081480e+15	0.000000e+00	0.000000e+00	0.000000e+00
414	4.094925e+15	0.000000e+00	0.000000e+00	0.000000e+00
415	4.108320e+15	0.000000e+00	0.000000e+00	0.000000e+00
416	4.121622e+15	0.000000e+00	0.000000e+00	0.000000e+00
417	4.134944e+15	0.000000e+00	0.000000e+00	0.000000e+00
418	4.148363e+15	0.000000e+00	0.000000e+00	0.000000e+00
419	4.161855e+15	0.000000e+00	0.000000e+00	0.000000e+00
420	4.175420e+15	0.000000e+00	0.000000e+00	0.000000e+00
421	4.189067e+15	0.000000e+00	0.000000e+00	0.000000e+00
422	4.202751e+15	0.000000e+00	0.000000e+00	0.000000e+00
423	4.216357e+15	0.000000e+00	0.000000e+00	0.000000e+00
424	4.229899e+15	0.000000e+00	0.000000e+00	0.000000e+00
425	4.243494e+15	0.000000e+00	0.000000e+00	0.000000e+00
426	4.256996e+15	0.000000e+00	0.000000e+00	0.000000e+00
427	4.270359e+15	0.000000e+00	0.000000e+00	0.000000e+00
428	4.283548e+15	0.000000e+00	0.000000e+00	0.000000e+00
429	4.296735e+15	0.000000e+00	0.000000e+00	0.000000e+00
430	4.310011e+15	0.000000e+00	0.000000e+00	0.000000e+00
431	4.323322e+15	0.000000e+00	0.000000e+00	0.000000e+00
432	4.336627e+15	0.000000e+00	0.000000e+00	0.000000e+00
433	4.350117e+15	0.000000e+00	0.000000e+00	0.000000e+00
434	4.363912e+15	0.000000e+00	0.000000e+00	0.000000e+00
435	4.377534e+15	0.000000e+00	0.000000e+00	0.000000e+00
436	4.391035e+15	0.000000e+00	0.000000e+00	0.000000e+00
437	4.404314e+15	0.000000e+00	0.000000e+00	0.000000e+00
438	4.417270e+15	0.000000e+00	0.000000e+00	0.000000e+00
439	4.430004e+15	0.000000e+00	0.000000e+00	0.000000e+00
440	4.442814e+15	0.000000e+00	0.000000e+00	0.000000e+00
441	4.455540e+15	0.000000e+00	0.000000e+00	0.000000e+00
442	4.468352e+15	0.000000e+00	0.000000e+00	0.000000e+00
443	4.481503e+15	0.000000e+00	0.000000e+00	0.000000e+00
444	4.495148e+15	0.000000e+00	0.000000e+00	0.000000e+00
445	4.509011e+15	0.000000e+00	0.000000e+00	0.000000e+00
446	4.522822e+15	0.000000e+00	0.000000e+00	0.000000e+00
447	4.536330e+15	0.000000e+00	0.000000e+00	0.000000e+00
448	4.549417e+15	0.000000e+00	0.000000e+00	0.000000e+00
449	4.562269e+15	0.000000e+00	0.000000e+00	0.000000e+00
450	4.575110e+15	0.000000e+00	0.000000e+00	0.000000e+00
451	4.587602e+15	0.000000e+00	0.000000e+00	0.000000e+00
452	4.599962e+15	0.000000e+00	0.000000e+00	0.000000e+00
453	4.612414e+15	0.000000e+00	0.000000e+00	0.000000e+00
454	4.624755e+15	0.000000e+00	0.000000e+00	0.000000e+00
455	4.636970e+15	0.000000e+00	0.000000e+00	0.000000e+00
456	4.649269e+15	0.000000e+00	0.000000e+00	0.000000e+00
457	4.661577e+15	0.000000e+00	0.000000e+00	0.000000e+00
458	4.673860e+15	0.000000e+00	0.000000e+00	0.000000e+00
459	4.686188e+15	0.000000e+00	0.000000e+00	0.000000e+00
460	4.698590e+15	0.000000e+00	0.000000e+00	0.000000e+00
461	4.711025e+15	0.000000e+00	0.000000e+00	0.000000e+00
462	4.723426e+15	0.000000e+00	0.000000e+00	0.000000e+00
463	4.735915e+15	0.000000e+00	0.000000e+00	0.000000e+00
464	4.748608e+15	0.000000e+00	0.000000e+00	0.000000e+00
465	4.763493e+15	0.000000e+00	0.000000e+00	0.000000e+00
466	4.778432e+15	0.000000e+00	0.000000e+00	0.000000e+00
467	4.793351e+15	0.000000e+00	0.000000e+00	0.000000e+00
468	4.808197e+15	0.000000e+00	0.000000e+00	0.000000e+00
469	4.822649e+15	0.000000e+00	0.000000e+00	0.000000e+00
470	4.836611e+15	0.000000e+00	0.000000e+00	0.000000e+00
471	4.850134e+15	0.000000e+00	0.000000e+00	0.000000e+00
472	4.863341e+15	0.000000e+00	0.000000e+00	0.000000e+00
473	4.876337e+15	0.000000e+00	0.000000e+00	0.000000e+00
474	4.889172e+15	0.000000e+00	0.000000e+00	0.000000e+00
475	4.901832e+15	0.000000e+00	0.000000e+00	0.000000e+00
476	4.914323e+15	0.000000e+00	0.000000e+00	0.000000e+00
477	4.926697e+15	0.000000e+00	0.000000e+00	0.000000e+00
478	4.938958e+15	0.000000e+00	0.000000e+00	0.000000e+00
479	4.951136e+15	0.000000e+00	0.000000e+00	0.000000e+00
480	4.963299e+15	0.000000e+00	0.000000e+00	0.000000e+00
481	4.975358e+15	0.000000e+00	0.000000e+00	0.000000e+00
482	4.987254e+15	0.000000e+00	0.000000e+00	0.000000e+00
483	4.998883e+15	0.000000e+00	0.000000e+00	0.000000e+00
484	5.010407e+15	0.000000e+00	0.000000e+00	0.000000e+00
485	5.021784e+15	0.000000e+00	0.000000e+00	0.000000e+00
486	5.032990e+15	0.000000e+00	0.000000e+00	0.000000e+00
487	5.044226e+15	0.000000e+00	0.000000e+00	0.000000e+00
488	5.055263e+15	0.000000e+00	0.000000e+00	0.000000e+00
489	5.066303e+15	0.000000e+00	0.000000e+00	0.000000e+00
490	5.077286e+15	0.000000e+00	0.000000e+00	0.000000e+00
491	5.088175e+15	0.000000e+00	0.000000e+00	0.000000e+00
492	5.099068e+15	0.000000e+00	0.000000e+00	0.000000e+00
493	5.109740e+15	0.000000e+00	0.000000e+00	0.000000e+00
494	5.120365e+15	0.000000e+00	0.000000e+00	0.000000e+00
495	5.130944e+15	0.000000e+00	0.000000e+00	0.000000e+00
496	5.141382e+15	0.000000e+00	0.000000e+00	0.000000e+00
497	5.151810e+15	0.000000e+00	0.000000e+00	0.000000e+00
498	5.162219e+15	0.000000e+00	0.000000e+00	0.000000e+00
499	5.172500e+15	0.000000e+00	0.000000e+00	0.000000e+00
500	5.182776e+15	0.000000e+00	0.000000e+00	0.000000e+00
501	5.193134e+15	0.000000e+00	0.000000e+00	0.000000e+00
502	5.203478e+15	0.000000e+00	0.000000e+00	0.000000e+00
503	5.213818e+15	0.000000e+00	0.000000e+00	0.000000e+00
504	5.224190e+15	0.000000e+00	0.000000e+00	0.000000e+00
505	5.234671e+15	0.000000e+00	0.000000e+00	0.000000e+00
506	5.245242e+15	0.000000e+00	0.000000e+00	0.000000e+00
507	5.255902e+15	0.000000e+00	0.000000e+00	0.000000e+00
508	5.266684e+15	0.000000e+00	0.000000e+00	0.000000e+00
509	5.277653e+15	0.000000e+00	0.000000e+00	0.000000e+00
510	5.288673e+15	0.000000e+00	0.000000e+00	0.000000e+00
511	5.299022e+15	0.000000e+00	0.000000e+00	0.000000e+00
512	5.308645e+15	0.000000e+00	0.000000e+00	0.000000e+00
513	5.317713e+15	0.000000e+00	0.000000e+00	0.000000e+00
514	5.326368e+15	0.000000e+00	0.000000e+00	0.000000e+00
515	5.334744e+15	0.000000e+00	0.000000e+00	0.000000e+00
516	5.342918e+15	0.000000e+00	0.000000e+00	0.000000e+00
517	5.351014e+15	0.000000e+00	0.000000e+00	0.000000e+00
518	5.359024e+15	0.000000e+00	0.000000e+00	0.000000e+00
519	5.367023e+15	0.000000e+00	0.000000e+00	0.000000e+00
520	5.375087e+15	0.000000e+00	0.000000e+00	0.000000e+00
521	5.383200e+15	0.000000e+00	0.000000e+00	0.000000e+00
522	5.391320e+15	0.000000e+00	0.000000e+00	0.000000e+00
523	5.399426e+15	0.000000e+00	0.000000e+00	0.000000e+00
524	5.407618e+15	0.000000e+00	0.000000e+00	0.000000e+00
525	5.415963e+15	0.000000e+00	0.000000e+00	0.000000e+00
526	5.424408e+15	0.000000e+00	0.000000e+00	0.000000e+00
527	5.432976e+15	0.000000e+00	0.000000e+00	0.000000e+00
528	5.441689e+15	0.000000e+00	0.000000e+00	0.000000e+00
529	5.450598e+15	0.000000e+00	0.000000e+00	0.000000e+00
530	5.459651e+15	0.000000e+00	0.000000e+00	0.000000e+00
531	5.468842e+15	0.000000e+00	0.000000e+00	0.000000e+00
532	5.478058e+15	0.000000e+00	0.000000e+00	0.000000e+00
533	5.487433e+15	0.000000e+00	0.000000e+00	0.000000e+00
534	5.496851e+15	0.000000e+00	0.000000e+00	0.000000e+00
535	5.506358e+15	0.000000e+00	0.000000e+00	0.000000e+00
536	5.515985e+15	0.000000e+00	0.000000e+00	0.000000e+00
537	5.525684e+15	0.000000e+00	0.000000e+00	0.000000e+00
538	5.535503e+15	0.000000e+00	0.000000e+00	0.000000e+00
539	5.545454e+15	0.000000e+00	0.000000e+00	0.000000e+00
540	5.555525e+15	0.000000e+00	0.000000e+00	0.000000e+00
541	5.565706e+15	0.000000e+00	0.000000e+00	0.000000e+00
542	5.575977e+15	0.000000e+00	0.000000e+00	0.000000e+00
543	5.586473e+15	0.000000e+00	0.000000e+00	0.000000e+00
544	5.596898e+15	0.000000e+00	0.000000e+00	0.000000e+00
545	5.607588e+15	0.000000e+00	0.000000e+00	0.000000e+00
546	5.618261e+15	0.000000e+00	0.000000e+00	0.000000e+00
547	5.629088e+15	0.000000e+00	0.000000e+00	0.000000e+00
548	5.640068e+15	0.000000e+00	0.000000e+00	0.000000e+00
549	5.651199e+15	0.000000e+00	0.000000e+00	0.000000e+00
550	5.662602e+15	0.000000e+00	0.000000e+00	0.000000e+00
551	5.674030e+15	0.000000e+00	0.000000e+00	0.000000e+00
552	5.685644e+15	0.000000e+00	0.000000e+00	0.000000e+00
553	5.697516e+15	0.000000e+00	0.000000e+00	0.000000e+00
554	5.709622e+15	0.000000e+00	0.000000e+00	0.000000e+00
555	5.721971e+15	0.000000e+00	0.000000e+00	0.000000e+00
556	5.734445e+15	0.000000e+00	0.000000e+00	0.000000e+00
557	5.747154e+15	0.000000e+00	0.000000e+00	0.000000e+00
558	5.759770e+15	0.000000e+00	0.000000e+00	0.000000e+00
559	5.772178e+15	0.000000e+00	0.000000e+00	0.000000e+00
560	5.784458e+15	0.000000e+00	0.000000e+00	0.000000e+00
561	5.796501e+15	0.000000e+00	0.000000e+00	0.000000e+00
562	5.808304e+15	0.000000e+00	0.000000e+00	0.000000e+00
563	5.819985e+15	0.000000e+00	0.000000e+00	0.000000e+00
564	5.831487e+15	0.000000e+00	0.000000e+00	0.000000e+00
565	5.842918e+15	0.000000e+00	0.000000e+00	0.000000e+00
566	5.854144e+15	0.000000e+00	0.000000e+00	0.000000e+00
567	5.865161e+15	0.000000e+00	0.000000e+00	0.000000e+00
568	5.876081e+15	0.000000e+00	0.000000e+00	0.000000e+00
569	5.886866e+15	0.000000e+00	0.000000e+00	0.000000e+00
570	5.897561e+15	0.000000e+00	0.000000e+00	0.000000e+00
571	5.908182e+15	0.000000e+00	0.000000e+00	0.000000e+00
572	5.918780e+15	0.000000e+00	0.000000e+00	0.000000e+00
573	5.929210e+15	0.000000e+00	0.000000e+00	0.000000e+00
574	5.939582e+15	0.000000e+00	0.000000e+00	0.000000e+00
575	5.949810e+15	0.000000e+00	0.000000e+00	0.000000e+00
576	5.959891e+15	0.000000e+00	0.000000e+00	0.000000e+00
577	5.969670e+15	0.000000e+00	0.000000e+00	0.000000e+00
578	5.979133e+15	0.000000e+00	0.000000e+00	0.000000e+00
579	5.988336e+15	0.000000e+00	0.000000e+00	0.000000e+00
580	5.997341e+15	0.000000e+00	0.000000e+00	0.000000e+00
581	6.006184e+15	0.000000e+00	0.000000e+00	0.000000e+00
582	6.014823e+15	0.000000e+00	0.000000e+00	0.000000e+00
583	6.023260e+15	0.000000e+00	0.000000e+00	0.000000e+00
584	6.031557e+15	0.000000e+00	0.000000e+00	0.000000e+00
585	6.039662e+15	0.000000e+00	0.000000e+00	0.000000e+00
586	6.047592e+15	0.000000e+00	0.000000e+00	0.000000e+00
587	6.055351e+15	0.000000e+00	0.000000e+00	0.000000e+00
588	6.062960e+15	0.000000e+00	0.000000e+00	0.000000e+00
589	6.070485e+15	0.000000e+00	0.000000e+00	0.000000e+00
590	6.077956e+15	0.000000e+00	0.000000e+00	0.000000e+00
591	6.085388e+15	0.000000e+00	0.000000e+00	0.000000e+00
592	6.092786e+15	0.000000e+00	0.000000e+00	0.000000e+00
593	6.100183e+15	0.000000e+00	0.000000e+00	0.000000e+00
594	6.107561e+15	0.000000e+00	0.000000e+00	0.000000e+00
595	6.114846e+15	0.000000e+00	0.000000e+00	0.000000e+00
596	6.122110e+15	0.000000e+00	0.000000e+00	0.000000e+00
597	6.129348e+15	0.000000e+00	0.000000e+00	0.000000e+00
598	6.136581e+15	0.000000e+00	0.000000e+00	0.000000e+00
599	6.143816e+15	0.000000e+00	0.000000e+00	0.000000e+00
600	6.151096e+15	0.000000e+00	0.000000e+00	0.000000e+00
601	6.158375e+15	0.000000e+00	0.000000e+00	0.000000e+00
602	6.165644e+15	0.000000e+00	0.000000e+00	0.000000e+00
603	6.172874e+15	0.000000e+00	0.000000e+00	0.000000e+00
604	6.180086e+15	0.000000e+00	0.000000e+00	0.000000e+00
605	6.187299e+15	0.000000e+00	0.000000e+00	0.000000e+00
606	6.194543e+15	0.000000e+00	0.000000e+00	0.000000e+00
607	6.201820e+15	0.000000e+00	0.000000e+00	0.000000e+00
608	6.209144e+15	0.000000e+00	0.000000e+00	0.000000e+00
609	6.216508e+15	0.000000e+00	0.000000e+00	0.000000e+00
610	6.223897e+15	0.000000e+00	0.000000e+00	0.000000e+00
611	6.231318e+15	0.000000e+00	0.000000e+00	0.000000e+00
612	6.238766e+15	0.000000e+00	0.000000e+00	0.000000e+00
613	6.246290e+15	0.000000e+00	0.000000e+00	0.000000e+00
614	6.253843e+15	0.000000e+00	0.000000e+00	0.000000e+00
615	6.261438e+15	0.000000e+00	0.000000e+00	0.000000e+00
616	6.269065e+15	0.000000e+00	0.000000e+00	0.000000e+00
617	6.276741e+15	0.000000e+00	0.000000e+00	0.000000e+00
618	6.284504e+15	0.000000e+00	0.000000e+00	0.000000e+00
619	6.292319e+15	0.000000e+00	0.000000e+00	0.000000e+00
620	6.300208e+15	0.000000e+00	0.000000e+00	0.000000e+00
621	6.308178e+15	0.000000e+00	0.000000e+00	0.000000e+00
622	6.316220e+15	0.000000e+00	0.000000e+00	0.000000e+00
623	6.324372e+15	0.000000e+00	0.000000e+00	0.000000e+00
624	6.332602e+15	0.000000e+00	0.000000e+00	0.000000e+00
625	6.340874e+15	0.000000e+00	0.000000e+00	0.000000e+00
626	6.349189e+15	0.000000e+00	0.000000e+00	0.000000e+00
627	6.357543e+15	0.000000e+00	0.000000e+00	0.000000e+00
628	6.365967e+15	0.000000e+00	0.000000e+00	0.000000e+00
629	6.374467e+15	0.000000e+00	0.000000e+00	0.000000e+00
630	6.383043e+15	0.000000e+00	0.000000e+00	0.000000e+00
631	6.391699e+15	0.000000e+00	0.000000e+00	0.000000e+00
632	6.400400e+15	0.000000e+00	0.000000e+00	0.000000e+00
633	6.409150e+15	0.000000e+00	0.000000e+00	0.000000e+00
634	6.417907e+15	0.000000e+00	0.000000e+00	0.000000e+00
635	6.426688e+15	0.000000e+00	0.000000e+00	0.000000e+00
636	6.435530e+15	0.000000e+00	0.000000e+00	0.000000e+00
637	6.444461e+15	0.000000e+00	0.000000e+00	0.000000e+00
638	6.453405e+15	0.000000e+00	0.000000e+00	0.000000e+00
639	6.462377e+15	0.000000e+00	0.000000e+00	0.000000e+00
640	6.471399e+15	0.000000e+00	0.000000e+00	0.000000e+00
641	6.480468e+15	0.000000e+00	0.000000e+00	0.000000e+00
642	6.489627e+15	0.000000e+00	0.000000e+00	0.000000e+00
643	6.498866e+15	0.000000e+00	0.000000e+00	0.000000e+00
644	6.508128e+15	0.000000e+00	0.000000e+00	0.000000e+00
645	6.517421e+15	0.000000e+00	0.000000e+00	0.000000e+00
646	6.526808e+15	0.000000e+00	0.000000e+00	0.000000e+00
647	6.536229e+15	0.000000e+00	0.000000e+00	0.000000e+00
648	6.545763e+15	0.000000e+00	0.000000e+00	0.000000e+00
649	6.555365e+15	0.000000e+00	0.000000e+00	0.000000e+00
650	6.565051e+15	0.000000e+00	0.000000e+00	0.000000e+00
651	6.574773e+15	0.000000e+00	0.000000e+00	0.000000e+00
652	6.584522e+15	0.000000e+00	0.000000e+00	0.000000e+00
653	6.594201e+15	0.000000e+00	0.000000e+00	0.000000e+00
654	6.603916e+15	0.000000e+00	0.000000e+00	0.000000e+00
655	6.613627e+15	0.000000e+00	0.000000e+00	0.000000e+00
656	6.623350e+15	0.000000e+00	0.000000e+00	0.000000e+00
657	6.633113e+15	0.000000e+00	0.000000e+00	0.000000e+00
658	6.642895e+15	0.000000e+00	0.000000e+00	0.000000e+00
659	6.652701e+15	0.000000e+00	0.000000e+00	0.000000e+00
660	6.662549e+15	0.000000e+00	0.000000e+00	0.000000e+00
661	6.672423e+15	0.000000e+00	0.000000e+00	0.000000e+00
662	6.682336e+15	0.000000e+00	0.000000e+00	0.000000e+00
663	6.692327e+15	0.000000e+00	0.000000e+00	0.000000e+00
664	6.702364e+15	0.000000e+00	0.000000e+00	0.000000e+00
665	6.712241e+15	0.000000e+00	0.000000e+00	0.000000e+00
666	6.721987e+15	0.000000e+00	0.000000e+00	0.000000e+00
667	6.731529e+15	0.000000e+00	0.000000e+00	0.000000e+00
668	6.740942e+15	0.000000e+00	0.000000e+00	0.000000e+00
669	6.750337e+15	0.000000e+00	0.000000e+00	0.000000e+00
670	6.759577e+15	0.000000e+00	0.000000e+00	0.000000e+00
671	6.768744e+15	0.000000e+00	0.000000e+00	0.000000e+00
672	6.777842e+15	0.000000e+00	0.000000e+00	0.000000e+00
673	6.786916e+15	0.000000e+00	0.000000e+00	0.000000e+00
674	6.795963e+15	0.000000e+00	0.000000e+00	0.000000e+00
675	6.805004e+15	0.000000e+00	0.000000e+00	0.000000e+00
676	6.814092e+15	0.000000e+00	0.000000e+00	0.000000e+00
677	6.823164e+15	0.000000e+00	0.000000e+00	0.000000e+00
678	6.832244e+15	0.000000e+00	0.000000e+00	0.000000e+00
679	6.841344e+15	0.000000e+00	0.000000e+00	0.000000e+00
680	6.850513e+15	0.000000e+00	0.000000e+00	0.000000e+00
681	6.859651e+15	0.000000e+00	0.000000e+00	0.000000e+00
682	6.868762e+15	0.000000e+00	0.000000e+00	0.000000e+00
683	6.877898e+15	0.000000e+00	0.000000e+00	0.000000e+00
684	6.886866e+15	0.000000e+00	0.000000e+00	0.000000e+00
685	6.895750e+15	0.000000e+00	0.000000e+00	0.000000e+00
686	6.904501e+15	0.000000e+00	0.000000e+00	0.000000e+00
687	6.913169e+15	0.000000e+00	0.000000e+00	0.000000e+00
688	6.921824e+15	0.000000e+00	0.000000e+00	0.000000e+00
689	6.930455e+15	0.000000e+00	0.000000e+00	0.000000e+00
690	6.939031e+15	0.000000e+00	0.000000e+00	0.000000e+00
691	6.947543e+15	0.000000e+00	0.000000e+00	0.000000e+00
692	6.956082e+15	0.000000e+00	0.000000e+00	0.000000e+00
693	6.964656e+15	0.000000e+00	0.000000e+00	0.000000e+00
694	6.973203e+15	0.000000e+00	0.000000e+00	0.000000e+00
695	6.981806e+15	0.000000e+00	0.000000e+00	0.000000e+00
696	6.990386e+15	0.000000e+00	0.000000e+00	0.000000e+00
697	6.998993e+15	0.000000e+00	0.000000e+00	0.000000e+00
698	7.007634e+15	0.000000e+00	0.000000e+00	0.000000e+00
699	7.016272e+15	0.000000e+00	0.000000e+00	0.000000e+00
700	7.024938e+15	0.000000e+00	0.000000e+00	0.000000e+00
701	7.033534e+15	0.000000e+00	0.000000e+00	0.000000e+00
702	7.042041e+15	0.000000e+00	0.000000e+00	0.000000e+00
703	7.050514e+15	0.000000e+00	0.000000e+00	0.000000e+00
704	7.058928e+15	0.000000e+00	0.000000e+00	0.000000e+00
705	7.067258e+15	0.000000e+00	0.000000e+00	0.000000e+00
706	7.075568e+15	0.000000e+00	0.000000e+00	0.000000e+00
707	7.083835e+15	0.000000e+00	0.000000e+00	0.000000e+00
708	7.092150e+15	0.000000e+00	0.000000e+00	0.000000e+00
709	7.100478e+15	0.000000e+00	0.000000e+00	0.000000e+00
710	7.108887e+15	0.000000e+00	0.000000e+00	0.000000e+00
711	7.117317e+15	0.000000e+00	0.000000e+00	0.000000e+00
712	7.125790e+15	0.000000e+00	0.000000e+00	0.000000e+00
713	7.134332e+15	0.000000e+00	0.000000e+00	0.000000e+00
714	7.142885e+15	0.000000e+00	0.000000e+00	0.000000e+00
715	7.151507e+15	0.000000e+00	0.000000e+00	0.000000e+00
716	7.160160e+15	0.000000e+00	0.000000e+00	0.000000e+00
717	7.168778e+15	0.000000e+00	0.000000e+00	0.000000e+00
718	7.177384e+15	0.000000e+00	0.000000e+00	0.000000e+00
719	7.185974e+15	0.000000e+00	0.000000e+00	0.000000e+00
720	7.194498e+15	0.000000e+00	0.000000e+00	0.000000e+00
721	7.202939e+15	0.000000e+00	0.000000e+00	0.000000e+00
722	7.211340e+15	0.000000e+00	0.000000e+00	0.000000e+00
723	7.219704e+15	0.000000e+00	0.000000e+00	0.000000e+00
724	7.228014e+15	0.000000e+00	0.000000e+00	0.000000e+00
725	7.236262e+15	0.000000e+00	0.000000e+00	0.000000e+00
726	7.244486e+15	0.000000e+00	0.000000e+00	0.000000e+00
727	7.252683e+15	0.000000e+00	0.000000e+00	0.000000e+00
728	7.260843e+15	0.000000e+00	0.000000e+00	0.000000e+00
729	7.268952e+15	0.000000e+00	0.000000e+00	0.000000e+00
730	7.276956e+15	0.000000e+00	0.000000e+00	0.000000e+00
731	7.284881e+15	0.000000e+00	0.000000e+00	0.000000e+00
732	7.292789e+15	0.000000e+00	0.000000e+00	0.000000e+00
733	7.300685e+15	0.000000e+00	0.000000e+00	0.000000e+00
734	7.308514e+15	0.000000e+00	0.000000e+00	0.000000e+00
735	7.316332e+15	0.000000e+00	0.000000e+00	0.000000e+00
736	7.324100e+15	0.000000e+00	0.000000e+00	0.000000e+00
737	7.331839e+15	0.000000e+00	0.000000e+00	0.000000e+00
738	7.339550e+15	0.000000e+00	0.000000e+00	0.000000e+00
739	7.347229e+15	0.000000e+00	0.000000e+00	0.000000e+00
740	7.354851e+15	0.000000e+00	0.000000e+00	0.000000e+00
741	7.362438e+15	0.000000e+00	0.000000e+00	0.000000e+00
742	7.369998e+15	0.000000e+00	0.000000e+00	0.000000e+00
743	7.377536e+15	0.000000e+00	0.000000e+00	0.000000e+00
744	7.385054e+15	0.000000e+00	0.000000e+00	0.000000e+00
745	7.392557e+15	0.000000e+00	0.000000e+00	0.000000e+00
746	7.400040e+15	0.000000e+00	0.000000e+00	0.000000e+00
747	7.407511e+15	0.000000e+00	0.000000e+00	0.000000e+00
748	7.414980e+15	0.000000e+00	0.000000e+00	0.000000e+00
749	7.422419e+15	0.000000e+00	0.000000e+00	0.000000e+00
750	7.429820e+15	0.000000e+00	0.000000e+00	0.000000e+00
751	7.437180e+15	0.000000e+00	0.000000e+00	0.000000e+00
752	7.444478e+15	0.000000e+00	0.000000e+00	0.000000e+00
753	7.451741e+15	0.000000e+00	0.000000e+00	0.000000e+00
754	7.458981e+15	0.000000e+00	0.000000e+00	0.000000e+00
755	7.466199e+15	0.000000e+00	0.000000e+00	0.000000e+00
756	7.473367e+15	0.000000e+00	0.000000e+00	0.000000e+00
757	7.480477e+15	0.000000e+00	0.000000e+00	0.000000e+00
758	7.487534e+15	0.000000e+00	0.000000e+00	0.000000e+00
759	7.494569e+15	0.000000e+00	0.000000e+00	0.000000e+00
760	7.501574e+15	0.000000e+00	0.000000e+00	0.000000e+00
761	7.508539e+15	0.000000e+00	0.000000e+00	0.000000e+00
762	7.515499e+15	0.000000e+00	0.000000e+00	0.000000e+00
763	7.522420e+15	0.000000e+00	0.000000e+00	0.000000e+00
764	7.529309e+15	0.000000e+00	0.000000e+00	0.000000e+00
765	7.536146e+15	0.000000e+00	0.000000e+00	0.000000e+00
766	7.542972e+15	0.000000e+00	0.000000e+00	0.000000e+00
767	7.549778e+15	0.000000e+00	0.000000e+00	0.000000e+00
768	7.556571e+15	0.000000e+00	0.000000e+00	0.000000e+00
769	7.563381e+15	0.000000e+00	0.000000e+00	0.000000e+00
770	7.570120e+15	0.000000e+00	0.000000e+00	0.000000e+00
771	7.576759e+15	0.000000e+00	0.000000e+00	0.000000e+00
772	7.583354e+15	0.000000e+00	0.000000e+00	0.000000e+00
773	7.589923e+15	0.000000e+00	0.000000e+00	0.000000e+00
774	7.596465e+15	0.000000e+00	0.000000e+00	0.000000e+00
775	7.602964e+15	0.000000e+00	0.000000e+00	0.000000e+00
776	7.609434e+15	0.000000e+00	0.000000e+00	0.000000e+00
777	7.615864e+15	0.000000e+00	0.000000e+00	0.000000e+00
778	7.622250e+15	0.000000e+00	0.000000e+00	0.000000e+00
779	7.628633e+15	0.000000e+00	0.000000e+00	0.000000e+00
780	7.634995e+15	0.000000e+00	0.000000e+00	0.000000e+00
781	7.641330e+15	0.000000e+00	0.000000e+00	0.000000e+00
782	7.647618e+15	0.000000e+00	0.000000e+00	0.000000e+00
783	7.653873e+15	0.000000e+00	0.000000e+00	0.000000e+00
784	7.660079e+15	0.000000e+00	0.000000e+00	0.000000e+00
785	7.666262e+15	0.000000e+00	0.000000e+00	0.000000e+00
786	7.672439e+15	0.000000e+00	0.000000e+00	0.000000e+00
787	7.678607e+15	0.000000e+00	0.000000e+00	0.000000e+00
788	7.684753e+15	0.000000e+00	0.000000e+00	0.000000e+00
789	7.690881e+15	0.000000e+00	0.000000e+00	0.000000e+00
790	7.696984e+15	0.000000e+00	0.000000e+00	0.000000e+00
791	7.703067e+15	0.000000e+00	0.000000e+00	0.000000e+00
792	7.709152e+15	0.000000e+00	0.000000e+00	0.000000e+00
793	7.715223e+15	0.000000e+00	0.000000e+00	0.000000e+00
794	7.721302e+15	0.000000e+00	0.000000e+00	0.000000e+00
795	7.727361e+15	0.000000e+00	0.000000e+00	0.000000e+00
796	7.733408e+15	0.000000e+00	0.000000e+00	0.000000e+00
797	7.739442e+15	0.000000e+00	0.000000e+00	0.000000e+00
798	7.745486e+15	0.000000e+00	0.000000e+00	0.000000e+00
799	7.751528e+15	0.000000e+00	0.000000e+00	0.000000e+00
800	7.757554e+15	0.000000e+00	0.000000e+00	0.000000e+00
801	7.763617e+15	0.000000e+00	0.000000e+00	0.000000e+00
802	7.769693e+15	0.000000e+00	0.000000e+00	0.000000e+00
803	7.775725e+15	0.000000e+00	0.000000e+00	0.000000e+00
804	7.781728e+15	0.000000e+00	0.000000e+00	0.000000e+00
805	7.787694e+15	0.000000e+00	0.000000e+00	0.000000e+00
806	7.793653e+15	0.000000e+00	0.000000e+00	0.000000e+00
807	7.799630e+15	0.000000e+00	0.000000e+00	0.000000e+00
808	7.805585e+15	0.000000e+00	0.000000e+00	0.000000e+00
809	7.811511e+15	0.000000e+00	0.000000e+00	0.000000e+00
810	7.817426e+15	0.000000e+00	0.000000e+00	0.000000e+00
811	7.823321e+15	0.000000e+00	0.000000e+00	0.000000e+00
812	7.829213e+15	0.000000e+00	0.000000e+00	0.000000e+00
813	7.835113e+15	0.000000e+00	0.000000e+00	0.000000e+00
814	7.840992e+15	0.000000e+00	0.000000e+00	0.000000e+00
815	7.846843e+15	0.000000e+00	0.000000e+00	0.000000e+00
816	7.852717e+15	0.000000e+00	0.000000e+00	0.000000e+00
817	7.858533e+15	0.000000e+00	0.000000e+00	0.000000e+00
818	7.864332e+15	0.000000e+00	0.000000e+00	0.000000e+00
819	7.870102e+15	0.000000e+00	0.000000e+00	0.000000e+00
820	7.875874e+15	0.000000e+00	0.000000e+00	0.000000e+00
821	7.881662e+15	0.000000e+00	0.000000e+00	0.000000e+00
822	7.887510e+15	0.000000e+00	0.000000e+00	0.000000e+00
823	7.893345e+15	0.000000e+00	0.000000e+00	0.000000e+00
824	7.899136e+15	0.000000e+00	0.000000e+00	0.000000e+00
825	7.904882e+15	0.000000e+00	0.000000e+00	0.000000e+00
826	7.910604e+15	0.000000e+00	0.000000e+00	0.000000e+00
827	7.916337e+15	0.000000e+00	0.000000e+00	0.000000e+00
828	7.922069e+15	0.000000e+00	0.000000e+00	0.000000e+00
829	7.927798e+15	0.000000e+00	0.000000e+00	0.000000e+00
830	7.933507e+15	0.000000e+00	0.000000e+00	0.000000e+00
831	7.939205e+15	0.000000e+00	0.000000e+00	0.000000e+00
832	7.944858e+15	0.000000e+00	0.000000e+00	0.000000e+00
833	7.950472e+15	0.000000e+00	0.000000e+00	0.000000e+00
834	7.956076e+15	0.000000e+00	0.000000e+00	0.000000e+00
835	7.961691e+15	0.000000e+00	0.000000e+00	0.000000e+00
836	7.967288e+15	0.000000e+00	0.000000e+00	0.000000e+00
837	7.972854e+15	0.000000e+00	0.000000e+00	0.000000e+00
838	7.978409e+15	0.000000e+00	0.000000e+00	0.000000e+00
839	7.983947e+15	0.000000e+00	0.000000e+00	0.000000e+00
840	7.989478e+15	0.000000e+00	0.000000e+00	0.000000e+00
841	7.995014e+15	0.000000e+00	0.000000e+00	0.000000e+00
842	8.000549e+15	0.000000e+00	0.000000e+00	0.000000e+00
843	8.006085e+15	0.000000e+00	0.000000e+00	0.000000e+00
844	8.011624e+15	0.000000e+00	0.000000e+00	0.000000e+00
845	8.017159e+15	0.000000e+00	0.000000e+00	0.000000e+00
846	8.022705e+15	0.000000e+00	0.000000e+00	0.000000e+00
847	8.028274e+15	0.000000e+00	0.000000e+00	0.000000e+00
848	8.033846e+15	0.000000e+00	0.000000e+00	0.000000e+00
849	8.039408e+15	0.000000e+00	0.000000e+00	0.000000e+00
850	8.044960e+15	0.000000e+00	0.000000e+00	0.000000e+00
851	8.050485e+15	0.000000e+00	0.000000e+00	0.000000e+00
852	8.055994e+15	0.000000e+00	0.000000e+00	0.000000e+00
853	8.061520e+15	0.000000e+00	0.000000e+00	0.000000e+00
854	8.067083e+15	0.000000e+00	0.000000e+00	0.000000e+00
855	8.072668e+15	0.000000e+00	0.000000e+00	0.000000e+00
856	8.078234e+15	0.000000e+00	0.000000e+00	0.000000e+00
857	8.083769e+15	0.000000e+00	0.000000e+00	0.000000e+00
858	8.089290e+15	0.000000e+00	0.000000e+00	0.000000e+00
859	8.094773e+15	0.000000e+00	0.000000e+00	0.000000e+00
860	8.100231e+15	0.000000e+00	0.000000e+00	0.000000e+00
861	8.105667e+15	0.000000e+00	0.000000e+00	0.000000e+00
862	8.111104e+15	0.000000e+00	0.000000e+00	0.000000e+00
863	8.116543e+15	0.000000e+00	0.000000e+00	0.000000e+00
864	8.121986e+15	0.000000e+00	0.000000e+00	0.000000e+00
865	8.127426e+15	0.000000e+00	0.000000e+00	0.000000e+00
866	8.132865e+15	0.000000e+00	0.000000e+00	0.000000e+00
867	8.138308e+15	0.000000e+00	0.000000e+00	0.000000e+00
868	8.143722e+15	0.000000e+00	0.000000e+00	0.000000e+00
869	8.149127e+15	0.000000e+00	0.000000e+00	0.000000e+00
870	8.154542e+15	0.000000e+00	0.000000e+00	0.000000e+00
871	8.159939e+15	0.000000e+00	0.000000e+00	0.000000e+00
872	8.165336e+15	0.000000e+00	0.000000e+00	0.000000e+00
873	8.170732e+15	0.000000e+00	0.000000e+00	0.000000e+00
874	8.176128e+15	0.000000e+00	0.000000e+00	0.000000e+00
875	8.181568e+15	0.000000e+00	0.000000e+00	0.000000e+00
876	8.186989e+15	0.000000e+00	0.000000e+00	0.000000e+00
877	8.192416e+15	0.000000e+00	0.000000e+00	0.000000e+00
878	8.197837e+15	0.000000e+00	0.000000e+00	0.000000e+00
879	8.203241e+15	0.000000e+00	0.000000e+00	0.000000e+00
880	8.208602e+15	0.000000e+00	0.000000e+00	0.000000e+00
881	8.213965e+15	0.000000e+00	0.000000e+00	0.000000e+00
882	8.219321e+15	0.000000e+00	0.000000e+00	0.000000e+00
883	8.224672e+15	0.000000e+00	0.000000e+00	0.000000e+00
884	8.230046e+15	0.000000e+00	0.000000e+00	0.000000e+00
885	8.235438e+15	0.000000e+00	0.000000e+00	0.000000e+00
886	8.240799e+15	0.000000e+00	0.000000e+00	0.000000e+00
887	8.246175e+15	0.000000e+00	0.000000e+00	0.000000e+00
888	8.251556e+15	0.000000e+00	0.000000e+00	0.000000e+00
889	8.256912e+15	0.000000e+00	0.000000e+00	0.000000e+00
890	8.262233e+15	0.000000e+00	0.000000e+00	0.000000e+00
891	8.267450e+15	0.000000e+00	0.000000e+00	0.000000e+00
892	8.272613e+15	0.000000e+00	0.000000e+00	0.000000e+00
893	8.278005e+15	0.000000e+00	0.000000e+00	0.000000e+00
894	8.283396e+15	0.000000e+00	0.000000e+00	0.000000e+00
895	8.288766e+15	0.000000e+00	0.000000e+00	0.000000e+00
896	8.294146e+15	0.000000e+00	0.000000e+00	0.000000e+00
897	8.299499e+15	0.000000e+00	0.000000e+00	0.000000e+00
898	8.304858e+15	0.000000e+00	0.000000e+00	0.000000e+00
899	8.310252e+15	0.000000e+00	0.000000e+00	0.000000e+00
900	8.315575e+15	0.000000e+00	0.000000e+00	0.000000e+00
901	8.320875e+15	0.000000e+00	0.000000e+00	0.000000e+00
902	8.326118e+15	0.000000e+00	0.000000e+00	0.000000e+00
903	8.331386e+15	0.000000e+00	0.000000e+00	0.000000e+00
904	8.336662e+15	0.000000e+00	0.000000e+00	0.000000e+00
905	8.342025e+15	0.000000e+00	0.000000e+00	0.000000e+00
906	8.347385e+15	0.000000e+00	0.000000e+00	0.000000e+00
907	8.352644e+15	0.000000e+00	0.000000e+00	0.000000e+00
908	8.356545e+15	0.000000e+00	0.000000e+00	0.000000e+00
909	8.359550e+15	0.000000e+00	0.000000e+00	0.000000e+00
910	8.363157e+15	0.000000e+00	0.000000e+00	0.000000e+00
911	8.367281e+15	0.000000e+00	0.000000e+00	0.000000e+00
912	8.372032e+15	0.000000e+00	0.000000e+00	0.000000e+00
913	8.377285e+15	0.000000e+00	0.000000e+00	0.000000e+00
914	8.381325e+15	0.000000e+00	0.000000e+00	0.000000e+00
915	8.386172e+15	0.000000e+00	0.000000e+00	0.000000e+00
916	8.391393e+15	0.000000e+00	0.000000e+00	0.000000e+00
917	8.396612e+15	0.000000e+00	0.000000e+00	0.000000e+00
918	8.401844e+15	0.000000e+00	0.000000e+00	0.000000e+00
919	8.407048e+15	0.000000e+00	0.000000e+00	0.000000e+00
920	8.412266e+15	0.000000e+00	0.000000e+00	0.000000e+00
921	8.417425e+15	0.000000e+00	0.000000e+00	0.000000e+00
922	8.422537e+15	0.000000e+00	0.000000e+00	0.000000e+00
923	8.424735e+15	0.000000e+00	0.000000e+00	0.000000e+00
924	8.426576e+15	0.000000e+00	0.000000e+00	0.000000e+00
925	8.428785e+15	0.000000e+00	0.000000e+00	0.000000e+00
926	8.430801e+15	0.000000e+00	0.000000e+00	0.000000e+00
927	8.433221e+15	0.000000e+00	0.000000e+00	0.000000e+00
928	8.436125e+15	0.000000e+00	0.000000e+00	0.000000e+00
929	8.439610e+15	0.000000e+00	0.000000e+00	0.000000e+00
930	8.442509e+15	0.000000e+00	0.000000e+00	0.000000e+00
931	8.445987e+15	0.000000e+00	0.000000e+00	0.000000e+00
932	8.448258e+15	0.000000e+00	0.000000e+00	0.000000e+00
933	8.450983e+15	0.000000e+00	0.000000e+00	0.000000e+00
934	8.454253e+15	0.000000e+00	0.000000e+00	0.000000e+00
935	8.456624e+15	0.000000e+00	0.000000e+00	0.000000e+00
936	8.459470e+15	0.000000e+00	0.000000e+00	0.000000e+00
937	8.462884e+15	0.000000e+00	0.000000e+00	0.000000e+00
938	8.465821e+15	0.000000e+00	0.000000e+00	0.000000e+00
939	8.469344e+15	0.000000e+00	0.000000e+00	0.000000e+00
940	8.473573e+15	0.000000e+00	0.000000e+00	0.000000e+00
941	8.477265e+15	0.000000e+00	0.000000e+00	0.000000e+00
942	8.480846e+15	0.000000e+00	0.000000e+00	0.000000e+00
943	8.484085e+15	0.000000e+00	0.000000e+00	0.000000e+00
944	8.487972e+15	0.000000e+00	0.000000e+00	0.000000e+00
945	8.491348e+15	0.000000e+00	0.000000e+00	0.000000e+00
946	8.494551e+15	0.000000e+00	0.000000e+00	0.000000e+00
947	8.496566e+15	0.000000e+00	0.000000e+00	0.000000e+00
948	8.497867e+15	0.000000e+00	0.000000e+00	0.000000e+00
949	8.499428e+15	0.000000e+00	0.000000e+00	0.000000e+00
950	8.501177e+15	0.000000e+00	0.000000e+00	0.000000e+00
951	8.503276e+15	0.000000e+00	0.000000e+00	0.000000e+00
952	8.505467e+15	0.000000e+00	0.000000e+00	0.000000e+00
953	8.508095e+15	0.000000e+00	0.000000e+00	0.000000e+00
954	8.510519e+15	0.000000e+00	0.000000e+00	0.000000e+00
955	8.513427e+15	0.000000e+00	0.000000e+00	0.000000e+00
956	8.516220e+15	0.000000e+00	0.000000e+00	0.000000e+00
957	8.518120e+15	0.000000e+00	0.000000e+00	0.000000e+00
958	8.520400e+15	0.000000e+00	0.000000e+00	0.000000e+00
959	8.523135e+15	0.000000e+00	0.000000e+00	0.000000e+00
960	8.526418e+15	0.000000e+00	0.000000e+00	0.000000e+00
961	8.528879e+15	0.000000e+00	0.000000e+00	0.000000e+00
962	8.531577e+15	0.000000e+00	0.000000e+00	0.000000e+00
963	8.534814e+15	0.000000e+00	0.000000e+00	0.000000e+00
964	8.538392e+15	0.000000e+00	0.000000e+00	0.000000e+00
965	8.540653e+15	0.000000e+00	0.000000e+00	0.000000e+00
966	8.542775e+15	0.000000e+00	0.000000e+00	0.000000e+00
967	8.545321e+15	0.000000e+00	0.000000e+00	0.000000e+00
968	8.548377e+15	0.000000e+00	0.000000e+00	0.000000e+00
969	8.551521e+15	0.000000e+00	0.000000e+00	0.000000e+00
970	8.554015e+15	0.000000e+00	0.000000e+00	0.000000e+00
971	8.557008e+15	0.000000e+00	0.000000e+00	0.000000e+00
972	8.560479e+15	0.000000e+00	0.000000e+00	0.000000e+00
973	8.563248e+15	0.000000e+00	0.000000e+00	0.000000e+00
974	8.565233e+15	0.000000e+00	0.000000e+00	0.000000e+00
975	8.567615e+15	0.000000e+00	0.000000e+00	0.000000e+00
976	8.570038e+15	0.000000e+00	0.000000e+00	0.000000e+00
977	8.572946e+15	0.000000e+00	0.000000e+00	0.000000e+00
978	8.574614e+15	0.000000e+00	0.000000e+00	0.000000e+00
979	8.576615e+15	0.000000e+00	0.000000e+00	0.000000e+00
980	8.579016e+15	0.000000e+00	0.000000e+00	0.000000e+00
981	8.581897e+15	0.000000e+00	0.000000e+00	0.000000e+00
982	8.585205e+15	0.000000e+00	0.000000e+00	0.000000e+00
983	8.587624e+15	0.000000e+00	0.000000e+00	0.000000e+00
984	8.590526e+15	0.000000e+00	0.000000e+00	0.000000e+00
985	8.592314e+15	0.000000e+00	0.000000e+00	0.000000e+00
986	8.594459e+15	0.000000e+00	0.000000e+00	0.000000e+00
987	8.596167e+15	0.000000e+00	0.000000e+00	0.000000e+00
988	8.597983e+15	0.000000e+00	0.000000e+00	0.000000e+00
989	8.599605e+15	0.000000e+00	0.000000e+00	0.000000e+00
990	8.600595e+15	0.000000e+00	0.000000e+00	0.000000e+00
991	8.601782e+15	0.000000e+00	0.000000e+00	0.000000e+00
992	8.603207e+15	0.000000e+00	0.000000e+00	0.000000e+00
993	8.604916e+15	0.000000e+00	0.000000e+00	0.000000e+00
994	8.606968e+15	0.000000e+00	0.000000e+00	0.000000e+00
995	8.608523e+15	0.000000e+00	0.000000e+00	0.000000e+00
996	8.610388e+15	0.000000e+00	0.000000e+00	0.000000e+00
997	8.612355e+15	0.000000e+00	0.000000e+00	0.000000e+00
998	8.614265e+15	0.000000e+00	0.000000e+00	0.000000e+00
999	8.615740e+15	0.000000e+00	0.000000e+00	0.000000e+00
1000	8.617511e+15	0.000000e+00	0.000000e+00	0.000000e+00
1001	8.618706e+15	0.000000e+00	0.000000e+00	0.000000e+00
1002	8.619683e+15	0.000000e+00	0.000000e+00	0.000000e+00
1003	8.620626e+15	0.000000e+00	0.000000e+00	0.000000e+00
1004	8.621757e+15	0.000000e+00	0.000000e+00	0.000000e+00
1005	8.623115e+15	0.000000e+00	0.000000e+00	0.000000e+00
1006	8.624296e+15	0.000000e+00	0.000000e+00	0.000000e+00
1007	8.625714e+15	0.000000e+00	0.000000e+00	0.000000e+00
1008	8.627356e+15	0.000000e+00	0.000000e+00	0.000000e+00
1009	8.629326e+15	0.000000e+00	0.000000e+00	0.000000e+00
1010	8.630479e+15	0.000000e+00	0.000000e+00	0.000000e+00
1011	8.631861e+15	0.000000e+00	0.000000e+00	0.000000e+00
1012	8.633521e+15	0.000000e+00	0.000000e+00	0.000000e+00
1013	8.635512e+15	0.000000e+00	0.000000e+00	0.000000e+00
1014	8.637901e+15	0.000000e+00	0.000000e+00	0.000000e+00
1015	8.639200e+15	0.000000e+00	0.000000e+00	0.000000e+00
1016	8.640759e+15	0.000000e+00	0.000000e+00	0.000000e+00
1017	8.642376e+15	0.000000e+00	0.000000e+00	0.000000e+00
1018	8.644048e+15	0.000000e+00	0.000000e+00	0.000000e+00
1019	8.645453e+15	0.000000e+00	0.000000e+00	0.000000e+00
1020	8.647139e+15	0.000000e+00	0.000000e+00	0.000000e+00
1021	8.648016e+15	0.000000e+00	0.000000e+00	0.000000e+00
1022	8.649067e+15	0.000000e+00	0.000000e+00	0.000000e+00
1023	8.650329e+15	0.000000e+00	0.000000e+00	0.000000e+00
1024	8.651843e+15	0.000000e+00	0.000000e+00	0.000000e+00
1025	8.652920e+15	0.000000e+00	0.000000e+00	0.000000e+00
1026	8.654213e+15	0.000000e+00	0.000000e+00	0.000000e+00
1027	8.655764e+15	0.000000e+00	0.000000e+00	0.000000e+00
1028	8.657162e+15	0.000000e+00	0.000000e+00	0.000000e+00
1029	8.658841e+15	0.000000e+00	0.000000e+00	0.000000e+00
1030	8.660065e+15	0.000000e+00	0.000000e+00	0.000000e+00
1031	8.661534e+15	0.000000e+00	0.000000e+00	0.000000e+00
1032	8.663297e+15	0.000000e+00	0.000000e+00	0.000000e+00
1033	8.664509e+15	0.000000e+00	0.000000e+00	0.000000e+00
1034	8.665962e+15	0.000000e+00	0.000000e+00	0.000000e+00
1035	8.667435e+15	0.000000e+00	0.000000e+00	0.000000e+00
1036	8.669203e+15	0.000000e+00	0.000000e+00	0.000000e+00
1037	8.671304e+15	0.000000e+00	0.000000e+00	0.000000e+00
1038	8.672986e+15	0.000000e+00	0.000000e+00	0.000000e+00
1039	8.675003e+15	0.000000e+00	0.000000e+00	0.000000e+00
1040	8.676269e+15	0.000000e+00	0.000000e+00	0.000000e+00
1041	8.677787e+15	0.000000e+00	0.000000e+00	0.000000e+00
1042	8.679610e+15	0.000000e+00	0.000000e+00	0.000000e+00
1043	8.681493e+15	0.000000e+00	0.000000e+00	0.000000e+00
1044	8.683177e+15	0.000000e+00	0.000000e+00	0.000000e+00
1045	8.684844e+15	0.000000e+00	0.000000e+00	0.000000e+00
1046	8.686772e+15	0.000000e+00	0.000000e+00	0.000000e+00
1047	8.689084e+15	0.000000e+00	0.000000e+00	0.000000e+00
1048	8.691860e+15	0.000000e+00	0.000000e+00	0.000000e+00
1049	8.692994e+15	0.000000e+00	0.000000e+00	0.000000e+00
1050	8.694356e+15	0.000000e+00	0.000000e+00	0.000000e+00
1051	8.695962e+15	0.000000e+00	0.000000e+00	0.000000e+00
1052	8.697890e+15	0.000000e+00	0.000000e+00	0.000000e+00
1053	8.699006e+15	0.000000e+00	0.000000e+00	0.000000e+00
1054	8.700346e+15	0.000000e+00	0.000000e+00	0.000000e+00
1055	8.701953e+15	0.000000e+00	0.000000e+00	0.000000e+00
1056	8.703882e+15	0.000000e+00	0.000000e+00	0.000000e+00
1057	8.705722e+15	0.000000e+00	0.000000e+00	0.000000e+00
1058	8.707930e+15	0.000000e+00	0.000000e+00	0.000000e+00
1059	8.709235e+15	0.000000e+00	0.000000e+00	0.000000e+00
1060	8.710274e+15	0.000000e+00	0.000000e+00	0.000000e+00
1061	8.711520e+15	0.000000e+00	0.000000e+00	0.000000e+00
1062	8.713016e+15	0.000000e+00	0.000000e+00	0.000000e+00
1063	8.713844e+15	0.000000e+00	0.000000e+00	0.000000e+00
1064	8.714838e+15	0.000000e+00	0.000000e+00	0.000000e+00
1065	8.716031e+15	0.000000e+00	0.000000e+00	0.000000e+00
1066	8.717463e+15	0.000000e+00	0.000000e+00	0.000000e+00
1067	8.718505e+15	0.000000e+00	0.000000e+00	0.000000e+00
1068	8.719755e+15	0.000000e+00	0.000000e+00	0.000000e+00
1069	8.721255e+15	0.000000e+00	0.000000e+00	0.000000e+00
1070	8.722573e+15	0.000000e+00	0.000000e+00	0.000000e+00
1071	8.724154e+15	0.000000e+00	0.000000e+00	0.000000e+00
1072	8.726052e+15	0.000000e+00	0.000000e+00	0.000000e+00
1073	8.727818e+15	0.000000e+00	0.000000e+00	0.000000e+00
1074	8.729167e+15	0.000000e+00	0.000000e+00	0.000000e+00
1075	8.730143e+15	0.000000e+00	0.000000e+00	0.000000e+00
1076	8.731314e+15	0.000000e+00	0.000000e+00	0.000000e+00
1077	8.732719e+15	0.000000e+00	0.000000e+00	0.000000e+00
1078	8.733862e+15	0.000000e+00	0.000000e+00	0.000000e+00
1079	8.735166e+15	0.000000e+00	0.000000e+00	0.000000e+00
1080	8.736731e+15	0.000000e+00	0.000000e+00	0.000000e+00
1081	8.738079e+15	0.000000e+00	0.000000e+00	0.000000e+00
1082	8.739697e+15	0.000000e+00	0.000000e+00	0.000000e+00
1083	8.741588e+15	0.000000e+00	0.000000e+00	0.000000e+00
1084	8.742955e+15	0.000000e+00	0.000000e+00	0.000000e+00
1085	8.744595e+15	0.000000e+00	0.000000e+00	0.000000e+00
1086	8.746564e+15	0.000000e+00	0.000000e+00	0.000000e+00
1087	8.748926e+15	0.000000e+00	0.000000e+00	0.000000e+00
1088	8.750397e+15	0.000000e+00	0.000000e+00	0.000000e+00
1089	8.752162e+15	0.000000e+00	0.000000e+00	0.000000e+00
1090	8.753849e+15	0.000000e+00	0.000000e+00	0.000000e+00
1091	8.754931e+15	0.000000e+00	0.000000e+00	0.000000e+00
1092	8.756229e+15	0.000000e+00	0.000000e+00	0.000000e+00
1093	8.757480e+15	0.000000e+00	0.000000e+00	0.000000e+00
1094	8.758747e+15	0.000000e+00	0.000000e+00	0.000000e+00
1095	8.759984e+15	0.000000e+00	0.000000e+00	0.000000e+00
1096	8.761468e+15	0.000000e+00	0.000000e+00	0.000000e+00
1097	8.762708e+15	0.000000e+00	0.000000e+00	0.000000e+00
1098	8.764197e+15	0.000000e+00	0.000000e+00	0.000000e+00
1099	8.765983e+15	0.000000e+00	0.000000e+00	0.000000e+00
1100	8.768127e+15	0.000000e+00	0.000000e+00	0.000000e+00
1101	8.769587e+15	0.000000e+00	0.000000e+00	0.000000e+00
1102	8.771340e+15	0.000000e+00	0.000000e+00	0.000000e+00
1103	8.772300e+15	0.000000e+00	0.000000e+00	0.000000e+00
1104	8.773451e+15	0.000000e+00	0.000000e+00	0.000000e+00
1105	8.774833e+15	0.000000e+00	0.000000e+00	0.000000e+00
1106	8.776492e+15	0.000000e+00	0.000000e+00	0.000000e+00
1107	8.777675e+15	0.000000e+00	0.000000e+00	0.000000e+00
1108	8.779096e+15	0.000000e+00	0.000000e+00	0.000000e+00
1109	8.780611e+15	0.000000e+00	0.000000e+00	0.000000e+00
1110	8.782430e+15	0.000000e+00	0.000000e+00	0.000000e+00
1111	8.783798e+15	0.000000e+00	0.000000e+00	0.000000e+00
1112	8.785440e+15	0.000000e+00	0.000000e+00	0.000000e+00
1113	8.787410e+15	0.000000e+00	0.000000e+00	0.000000e+00
1114	8.789774e+15	0.000000e+00	0.000000e+00	0.000000e+00
1115	8.790431e+15	0.000000e+00	0.000000e+00	0.000000e+00
1116	8.791218e+15	0.000000e+00	0.000000e+00	0.000000e+00
1117	8.792163e+15	0.000000e+00	0.000000e+00	0.000000e+00
1118	8.793255e+15	0.000000e+00	0.000000e+00	0.000000e+00
1119	8.794565e+15	0.000000e+00	0.000000e+00	0.000000e+00
1120	8.796137e+15	0.000000e+00	0.000000e+00	0.000000e+00
1121	8.798024e+15	0.000000e+00	0.000000e+00	0.000000e+00
1122	8.800288e+15	0.000000e+00	0.000000e+00	0.000000e+00
1123	8.801495e+15	0.000000e+00	0.000000e+00	0.000000e+00
1124	8.802943e+15	0.000000e+00	0.000000e+00	0.000000e+00
1125	8.804402e+15	0.000000e+00	0.000000e+00	0.000000e+00
1126	8.805523e+15	0.000000e+00	0.000000e+00	0.000000e+00
1127	8.806868e+15	0.000000e+00	0.000000e+00	0.000000e+00
1128	8.808482e+15	0.000000e+00	0.000000e+00	0.000000e+00
1129	8.810107e+15	0.000000e+00	0.000000e+00	0.000000e+00
1130	8.811530e+15	0.000000e+00	0.000000e+00	0.000000e+00
1131	8.813237e+15	0.000000e+00	0.000000e+00	0.000000e+00
1132	8.814291e+15	0.000000e+00	0.000000e+00	0.000000e+00
1133	8.815556e+15	0.000000e+00	0.000000e+00	0.000000e+00
1134	8.816796e+15	0.000000e+00	0.000000e+00	0.000000e+00
1135	8.818283e+15	0.000000e+00	0.000000e+00	0.000000e+00
1136	8.820068e+15	0.000000e+00	0.000000e+00	0.000000e+00
1137	8.821338e+15	0.000000e+00	0.000000e+00	0.000000e+00
1138	8.822862e+15	0.000000e+00	0.000000e+00	0.000000e+00
1139	8.824691e+15	0.000000e+00	0.000000e+00	0.000000e+00
1140	8.825587e+15	0.000000e+00	0.000000e+00	0.000000e+00
1141	8.826662e+15	0.000000e+00	0.000000e+00	0.000000e+00
1142	8.827952e+15	0.000000e+00	0.000000e+00	0.000000e+00
1143	8.828905e+15	0.000000e+00	0.000000e+00	0.000000e+00
1144	8.830048e+15	0.000000e+00	0.000000e+00	0.000000e+00
1145	8.831420e+15	0.000000e+00	0.000000e+00	0.000000e+00
1146	8.833066e+15	0.000000e+00	0.000000e+00	0.000000e+00
1147	8.834721e+15	0.000000e+00	0.000000e+00	0.000000e+00
1148	8.836706e+15	0.000000e+00	0.000000e+00	0.000000e+00
1149	8.837452e+15	0.000000e+00	0.000000e+00	0.000000e+00
1150	8.838346e+15	0.000000e+00	0.000000e+00	0.000000e+00
1151	8.839420e+15	0.000000e+00	0.000000e+00	0.000000e+00
1152	8.840709e+15	0.000000e+00	0.000000e+00	0.000000e+00
1153	8.841670e+15	0.000000e+00	0.000000e+00	0.000000e+00
1154	8.842824e+15	0.000000e+00	0.000000e+00	0.000000e+00
1155	8.844208e+15	0.000000e+00	0.000000e+00	0.000000e+00
1156	8.845869e+15	0.000000e+00	0.000000e+00	0.000000e+00
1157	8.846838e+15	0.000000e+00	0.000000e+00	0.000000e+00
1158	8.848000e+15	0.000000e+00	0.000000e+00	0.000000e+00
1159	8.849201e+15	0.000000e+00	0.000000e+00	0.000000e+00
1160	8.850642e+15	0.000000e+00	0.000000e+00	0.000000e+00
1161	8.852371e+15	0.000000e+00	0.000000e+00	0.000000e+00
1162	8.853620e+15	0.000000e+00	0.000000e+00	0.000000e+00
1163	8.855120e+15	0.000000e+00	0.000000e+00	0.000000e+00
1164	8.856300e+15	0.000000e+00	0.000000e+00	0.000000e+00
1165	8.857467e+15	0.000000e+00	0.000000e+00	0.000000e+00
1166	8.858867e+15	0.000000e+00	0.000000e+00	0.000000e+00
1167	8.860547e+15	0.000000e+00	0.000000e+00	0.000000e+00
1168	8.861849e+15	0.000000e+00	0.000000e+00	0.000000e+00
1169	8.863204e+15	0.000000e+00	0.000000e+00	0.000000e+00
1170	8.864830e+15	0.000000e+00	0.000000e+00	0.000000e+00
1171	8.866186e+15	0.000000e+00	0.000000e+00	0.000000e+00
1172	8.867814e+15	0.000000e+00	0.000000e+00	0.000000e+00
1173	8.869288e+15	0.000000e+00	0.000000e+00	0.000000e+00
1174	8.871056e+15	0.000000e+00	0.000000e+00	0.000000e+00
1175	8.872673e+15	0.000000e+00	0.000000e+00	0.000000e+00
1176	8.874443e+15	0.000000e+00	0.000000e+00	0.000000e+00
1177	8.876568e+15	0.000000e+00	0.000000e+00	0.000000e+00
1178	8.877293e+15	0.000000e+00	0.000000e+00	0.000000e+00
1179	8.878162e+15	0.000000e+00	0.000000e+00	0.000000e+00
1180	8.879206e+15	0.000000e+00	0.000000e+00	0.000000e+00
1181	8.880458e+15	0.000000e+00	0.000000e+00	0.000000e+00
1182	8.881961e+15	0.000000e+00	0.000000e+00	0.000000e+00
1183	8.882797e+15	0.000000e+00	0.000000e+00	0.000000e+00
1184	8.883800e+15	0.000000e+00	0.000000e+00	0.000000e+00
1185	8.885004e+15	0.000000e+00	0.000000e+00	0.000000e+00
1186	8.886323e+15	0.000000e+00	0.000000e+00	0.000000e+00
1187	8.887906e+15	0.000000e+00	0.000000e+00	0.000000e+00
1188	8.889805e+15	0.000000e+00	0.000000e+00	0.000000e+00
1189	8.892001e+15	0.000000e+00	0.000000e+00	0.000000e+00
1190	8.893809e+15	0.000000e+00	0.000000e+00	0.000000e+00
1191	8.894625e+15	0.000000e+00	0.000000e+00	0.000000e+00
1192	8.895604e+15	0.000000e+00	0.000000e+00	0.000000e+00
1193	8.896778e+15	0.000000e+00	0.000000e+00	0.000000e+00
1194	8.898188e+15	0.000000e+00	0.000000e+00	0.000000e+00
1195	8.899879e+15	0.000000e+00	0.000000e+00	0.000000e+00
1196	8.900923e+15	0.000000e+00	0.000000e+00	0.000000e+00
1197	8.902176e+15	0.000000e+00	0.000000e+00	0.000000e+00
1198	8.903679e+15	0.000000e+00	0.000000e+00	0.000000e+00
1199	8.905482e+15	0.000000e+00	0.000000e+00	0.000000e+00
1200	8.906539e+15	0.000000e+00	0.000000e+00	0.000000e+00
1201	8.907807e+15	0.000000e+00	0.000000e+00	0.000000e+00
1202	8.909329e+15	0.000000e+00	0.000000e+00	0.000000e+00
1203	8.911130e+15	0.000000e+00	0.000000e+00	0.000000e+00
1204	8.912032e+15	0.000000e+00	0.000000e+00	0.000000e+00
1205	8.913115e+15	0.000000e+00	0.000000e+00	0.000000e+00
1206	8.914414e+15	0.000000e+00	0.000000e+00	0.000000e+00
1207	8.915973e+15	0.000000e+00	0.000000e+00	0.000000e+00
1208	8.916799e+15	0.000000e+00	0.000000e+00	0.000000e+00
1209	8.917791e+15	0.000000e+00	0.000000e+00	0.000000e+00
1210	8.918981e+15	0.000000e+00	0.000000e+00	0.000000e+00
1211	8.920409e+15	0.000000e+00	0.000000e+00	0.000000e+00
1212	8.921663e+15	0.000000e+00	0.000000e+00	0.000000e+00
1213	8.923168e+15	0.000000e+00	0.000000e+00	0.000000e+00
1214	8.924973e+15	0.000000e+00	0.000000e+00	0.000000e+00
1215	8.926349e+15	0.000000e+00	0.000000e+00	0.000000e+00
1216	8.928000e+15	0.000000e+00	0.000000e+00	0.000000e+00
1217	8.929856e+15	0.000000e+00	0.000000e+00	0.000000e+00
1218	8.931390e+15	0.000000e+00	0.000000e+00	0.000000e+00
1219	8.932534e+15	0.000000e+00	0.000000e+00	0.000000e+00
1220	8.933906e+15	0.000000e+00	0.000000e+00	0.000000e+00
1221	8.935552e+15	0.000000e+00	0.000000e+00	0.000000e+00
1222	8.936319e+15	0.000000e+00	0.000000e+00	0.000000e+00
1223	8.937240e+15	0.000000e+00	0.000000e+00	0.000000e+00
1224	8.938344e+15	0.000000e+00	0.000000e+00	0.000000e+00
1225	8.939467e+15	0.000000e+00	0.000000e+00	0.000000e+00
1226	8.940815e+15	0.000000e+00	0.000000e+00	0.000000e+00
1227	8.942433e+15	0.000000e+00	0.000000e+00	0.000000e+00
1228	8.943742e+15	0.000000e+00	0.000000e+00	0.000000e+00
1229	8.945313e+15	0.000000e+00	0.000000e+00	0.000000e+00
1230	8.946392e+15	0.000000e+00	0.000000e+00	0.000000e+00
1231	8.947687e+15	0.000000e+00	0.000000e+00	0.000000e+00
1232	8.949241e+15	0.000000e+00	0.000000e+00	0.000000e+00
1233	8.950728e+15	0.000000e+00	0.000000e+00	0.000000e+00
1234	8.951439e+15	0.000000e+00	0.000000e+00	0.000000e+00
1235	8.952293e+15	0.000000e+00	0.000000e+00	0.000000e+00
1236	8.953317e+15	0.000000e+00	0.000000e+00	0.000000e+00
1237	8.954546e+15	0.000000e+00	0.000000e+00	0.000000e+00
1238	8.955612e+15	0.000000e+00	0.000000e+00	0.000000e+00
1239	8.956891e+15	0.000000e+00	0.000000e+00	0.000000e+00
1240	8.957988e+15	0.000000e+00	0.000000e+00	0.000000e+00
1241	8.959304e+15	0.000000e+00	0.000000e+00	0.000000e+00
1242	8.960884e+15	0.000000e+00	0.000000e+00	0.000000e+00
1243	8.962047e+15	0.000000e+00	0.000000e+00	0.000000e+00
1244	8.963443e+15	0.000000e+00	0.000000e+00	0.000000e+00
1245	8.965117e+15	0.000000e+00	0.000000e+00	0.000000e+00
1246	8.966301e+15	0.000000e+00	0.000000e+00	0.000000e+00
1247	8.967722e+15	0.000000e+00	0.000000e+00	0.000000e+00
1248	8.969360e+15	0.000000e+00	0.000000e+00	0.000000e+00
1249	8.970171e+15	0.000000e+00	0.000000e+00	0.000000e+00
1250	8.971145e+15	0.000000e+00	0.000000e+00	0.000000e+00
1251	8.972314e+15	0.000000e+00	0.000000e+00	0.000000e+00
1252	8.973531e+15	0.000000e+00	0.000000e+00	0.000000e+00
1253	8.974667e+15	0.000000e+00	0.000000e+00	0.000000e+00
1254	8.976031e+15	0.000000e+00	0.000000e+00	0.000000e+00
1255	8.977557e+15	0.000000e+00	0.000000e+00	0.000000e+00
1256	8.979389e+15	0.000000e+00	0.000000e+00	0.000000e+00
1257	8.981588e+15	0.000000e+00	0.000000e+00	0.000000e+00
1258	8.982319e+15	0.000000e+00	0.000000e+00	0.000000e+00
1259	8.983196e+15	0.000000e+00	0.000000e+00	0.000000e+00
1260	8.984248e+15	0.000000e+00	0.000000e+00	0.000000e+00
1261	8.985511e+15	0.000000e+00	0.000000e+00	0.000000e+00
1262	8.986709e+15	0.000000e+00	0.000000e+00	0.000000e+00
1263	8.987954e+15	0.000000e+00	0.000000e+00	0.000000e+00
1264	8.989448e+15	0.000000e+00	0.000000e+00	0.000000e+00
1265	8.991242e+15	0.000000e+00	0.000000e+00	0.000000e+00
1266	8.993089e+15	0.000000e+00	0.000000e+00	0.000000e+00
1267	8.995305e+15	0.000000e+00	0.000000e+00	0.000000e+00
1268	8.996128e+15	0.000000e+00	0.000000e+00	0.000000e+00
1269	8.997116e+15	0.000000e+00	0.000000e+00	0.000000e+00
1270	8.998301e+15	0.000000e+00	0.000000e+00	0.000000e+00
1271	8.999724e+15	0.000000e+00	0.000000e+00	0.000000e+00
1272	9.000532e+15	0.000000e+00	0.000000e+00	0.000000e+00
1273	9.001503e+15	0.000000e+00	0.000000e+00	0.000000e+00
1274	9.002668e+15	0.000000e+00	0.000000e+00	0.000000e+00
1275	9.003935e+15	0.000000e+00	0.000000e+00	0.000000e+00
1276	9.005456e+15	0.000000e+00	0.000000e+00	0.000000e+00
1277	9.007152e+15	0.000000e+00	0.000000e+00	0.000000e+00
1278	9.008172e+15	0.000000e+00	0.000000e+00	0.000000e+00
1279	9.009313e+15	0.000000e+00	0.000000e+00	0.000000e+00
1280	9.010681e+15	0.000000e+00	0.000000e+00	0.000000e+00
1281	9.012322e+15	0.000000e+00	0.000000e+00	0.000000e+00
1282	9.013693e+15	0.000000e+00	0.000000e+00	0.000000e+00
1283	9.015009e+15	0.000000e+00	0.000000e+00	0.000000e+00
1284	9.016587e+15	0.000000e+00	0.000000e+00	0.000000e+00
1285	9.018059e+15	0.000000e+00	0.000000e+00	0.000000e+00
1286	9.019730e+15	0.000000e+00	0.000000e+00	0.000000e+00
1287	9.020976e+15	0.000000e+00	0.000000e+00	0.000000e+00
1288	9.022471e+15	0.000000e+00	0.000000e+00	0.000000e+00
1289	9.023523e+15	0.000000e+00	0.000000e+00	0.000000e+00
1290	9.024786e+15	0.000000e+00	0.000000e+00	0.000000e+00
1291	9.026302e+15	0.000000e+00	0.000000e+00	0.000000e+00
1292	9.027648e+15	0.000000e+00	0.000000e+00	0.000000e+00
1293	9.029264e+15	0.000000e+00	0.000000e+00	0.000000e+00
1294	9.031202e+15	0.000000e+00	0.000000e+00	0.000000e+00
1295	9.032577e+15	0.000000e+00	0.000000e+00	0.000000e+00
1296	9.034226e+15	0.000000e+00	0.000000e+00	0.000000e+00
1297	9.035864e+15	0.000000e+00	0.000000e+00	0.000000e+00
1298	9.037830e+15	0.000000e+00	0.000000e+00	0.000000e+00
1299	9.038801e+15	0.000000e+00	0.000000e+00	0.000000e+00
1300	9.039966e+15	0.000000e+00	0.000000e+00	0.000000e+00
1301	9.041364e+15	0.000000e+00	0.000000e+00	0.000000e+00
1302	9.042901e+15	0.000000e+00	0.000000e+00	0.000000e+00
1303	9.044746e+15	0.000000e+00	0.000000e+00	0.000000e+00
1304	9.046077e+15	0.000000e+00	0.000000e+00	0.000000e+00
1305	9.047238e+15	0.000000e+00	0.000000e+00	0.000000e+00
1306	9.048630e+15	0.000000e+00	0.000000e+00	0.000000e+00
1307	9.050300e+15	0.000000e+00	0.000000e+00	0.000000e+00
1308	9.051564e+15	0.000000e+00	0.000000e+00	0.000000e+00
1309	9.053081e+15	0.000000e+00	0.000000e+00	0.000000e+00
1310	9.054629e+15	0.000000e+00	0.000000e+00	0.000000e+00
1311	9.056213e+15	0.000000e+00	0.000000e+00	0.000000e+00
1312	9.058114e+15	0.000000e+00	0.000000e+00	0.000000e+00
1313	9.059396e+15	0.000000e+00	0.000000e+00	0.000000e+00
1314	9.060301e+15	0.000000e+00	0.000000e+00	0.000000e+00
1315	9.061387e+15	0.000000e+00	0.000000e+00	0.000000e+00
1316	9.062690e+15	0.000000e+00	0.000000e+00	0.000000e+00
1317	9.063669e+15	0.000000e+00	0.000000e+00	0.000000e+00
1318	9.064844e+15	0.000000e+00	0.000000e+00	0.000000e+00
1319	9.066254e+15	0.000000e+00	0.000000e+00	0.000000e+00
1320	9.067946e+15	0.000000e+00	0.000000e+00	0.000000e+00
1321	9.069783e+15	0.000000e+00	0.000000e+00	0.000000e+00
1322	9.071947e+15	0.000000e+00	0.000000e+00	0.000000e+00
1323	9.073411e+15	0.000000e+00	0.000000e+00	0.000000e+00
1324	9.074192e+15	0.000000e+00	0.000000e+00	0.000000e+00
1325	9.075129e+15	0.000000e+00	0.000000e+00	0.000000e+00
1326	9.076252e+15	0.000000e+00	0.000000e+00	0.000000e+00
1327	9.077316e+15	0.000000e+00	0.000000e+00	0.000000e+00
1328	9.078592e+15	0.000000e+00	0.000000e+00	0.000000e+00
1329	9.079679e+15	0.000000e+00	0.000000e+00	0.000000e+00
1330	9.080985e+15	0.000000e+00	0.000000e+00	0.000000e+00
1331	9.082551e+15	0.000000e+00	0.000000e+00	0.000000e+00
1332	9.084064e+15	0.000000e+00	0.000000e+00	0.000000e+00
1333	9.085461e+15	0.000000e+00	0.000000e+00	0.000000e+00
1334	9.087137e+15	0.000000e+00	0.000000e+00	0.000000e+00
1335	9.088848e+15	0.000000e+00	0.000000e+00	0.000000e+00
1336	9.090901e+15	0.000000e+00	0.000000e+00	0.000000e+00
1337	9.091609e+15	0.000000e+00	0.000000e+00	0.000000e+00
1338	9.092459e+15	0.000000e+00	0.000000e+00	0.000000e+00
1339	9.093479e+15	0.000000e+00	0.000000e+00	0.000000e+00
1340	9.094704e+15	0.000000e+00	0.000000e+00	0.000000e+00
1341	9.096173e+15	0.000000e+00	0.000000e+00	0.000000e+00
1342	9.097935e+15	0.000000e+00	0.000000e+00	0.000000e+00
1343	9.100004e+15	0.000000e+00	0.000000e+00	0.000000e+00
1344	9.101546e+15	0.000000e+00	0.000000e+00	0.000000e+00
1345	9.102806e+15	0.000000e+00	0.000000e+00	0.000000e+00
1346	9.104057e+15	0.000000e+00	0.000000e+00	0.000000e+00
1347	9.105559e+15	0.000000e+00	0.000000e+00	0.000000e+00
1348	9.107151e+15	0.000000e+00	0.000000e+00	0.000000e+00
1349	9.108012e+15	0.000000e+00	0.000000e+00	0.000000e+00
1350	9.109045e+15	0.000000e+00	0.000000e+00	0.000000e+00
1351	9.110285e+15	0.000000e+00	0.000000e+00	0.000000e+00
1352	9.111773e+15	0.000000e+00	0.000000e+00	0.000000e+00
1353	9.113353e+15	0.000000e+00	0.000000e+00	0.000000e+00
1354	9.114950e+15	0.000000e+00	0.000000e+00	0.000000e+00
1355	9.116166e+15	0.000000e+00	0.000000e+00	0.000000e+00
1356	9.117624e+15	0.000000e+00	0.000000e+00	0.000000e+00
1357	9.119375e+15	0.000000e+00	0.000000e+00	0.000000e+00
1358	9.120528e+15	0.000000e+00	0.000000e+00	0.000000e+00
1359	9.121911e+15	0.000000e+00	0.000000e+00	0.000000e+00
1360	9.122843e+15	0.000000e+00	0.000000e+00	0.000000e+00
1361	9.123962e+15	0.000000e+00	0.000000e+00	0.000000e+00
1362	9.125304e+15	0.000000e+00	0.000000e+00	0.000000e+00
1363	9.126723e+15	0.000000e+00	0.000000e+00	0.000000e+00
1364	9.128427e+15	0.000000e+00	0.000000e+00	0.000000e+00
1365	9.130340e+15	0.000000e+00	0.000000e+00	0.000000e+00
1366	9.131382e+15	0.000000e+00	0.000000e+00	0.000000e+00
1367	9.132631e+15	0.000000e+00	0.000000e+00	0.000000e+00
1368	9.133247e+15	0.000000e+00	0.000000e+00	0.000000e+00
1369	9.133985e+15	0.000000e+00	0.000000e+00	0.000000e+00
1370	9.134871e+15	0.000000e+00	0.000000e+00	0.000000e+00
1371	9.135934e+15	0.000000e+00	0.000000e+00	0.000000e+00
1372	9.137210e+15	0.000000e+00	0.000000e+00	0.000000e+00
1373	9.138741e+15	0.000000e+00	0.000000e+00	0.000000e+00
1374	9.140110e+15	0.000000e+00	0.000000e+00	0.000000e+00
1375	9.141248e+15	0.000000e+00	0.000000e+00	0.000000e+00
1376	9.142614e+15	0.000000e+00	0.000000e+00	0.000000e+00
1377	9.144036e+15	0.000000e+00	0.000000e+00	0.000000e+00
1378	9.145409e+15	0.000000e+00	0.000000e+00	0.000000e+00
1379	9.147055e+15	0.000000e+00	0.000000e+00	0.000000e+00
1380	9.148684e+15	0.000000e+00	0.000000e+00	0.000000e+00
1381	9.149622e+15	0.000000e+00	0.000000e+00	0.000000e+00
1382	9.150748e+15	0.000000e+00	0.000000e+00	0.000000e+00
1383	9.152099e+15	0.000000e+00	0.000000e+00	0.000000e+00
1384	9.153720e+15	0.000000e+00	0.000000e+00	0.000000e+00
1385	9.155503e+15	0.000000e+00	0.000000e+00	0.000000e+00
1386	9.156431e+15	0.000000e+00	0.000000e+00	0.000000e+00
1387	9.157545e+15	0.000000e+00	0.000000e+00	0.000000e+00
1388	9.158882e+15	0.000000e+00	0.000000e+00	0.000000e+00
1389	9.160486e+15	0.000000e+00	0.000000e+00	0.000000e+00
1390	9.161977e+15	0.000000e+00	0.000000e+00	0.000000e+00
1391	9.163767e+15	0.000000e+00	0.000000e+00	0.000000e+00
1392	9.165864e+15	0.000000e+00	0.000000e+00	0.000000e+00
1393	9.166894e+15	0.000000e+00	0.000000e+00	0.000000e+00
1394	9.168131e+15	0.000000e+00	0.000000e+00	0.000000e+00
1395	9.169615e+15	0.000000e+00	0.000000e+00	0.000000e+00
1396	9.170800e+15	0.000000e+00	0.000000e+00	0.000000e+00
1397	9.172223e+15	0.000000e+00	0.000000e+00	0.000000e+00
1398	9.173524e+15	0.000000e+00	0.000000e+00	0.000000e+00
1399	9.175084e+15	0.000000e+00	0.000000e+00	0.000000e+00
1400	9.176250e+15	0.000000e+00	0.000000e+00	0.000000e+00
1401	9.177650e+15	0.000000e+00	0.000000e+00	0.000000e+00
1402	9.178414e+15	0.000000e+00	0.000000e+00	0.000000e+00
1403	9.179331e+15	0.000000e+00	0.000000e+00	0.000000e+00
1404	9.180412e+15	0.000000e+00	0.000000e+00	0.000000e+00
1405	9.181708e+15	0.000000e+00	0.000000e+00	0.000000e+00
1406	9.183264e+15	0.000000e+00	0.000000e+00	0.000000e+00
1407	9.184411e+15	0.000000e+00	0.000000e+00	0.000000e+00
1408	9.185788e+15	0.000000e+00	0.000000e+00	0.000000e+00
1409	9.187440e+15	0.000000e+00	0.000000e+00	0.000000e+00
1410	9.189232e+15	0.000000e+00	1.123410e-02	0.000000e+00
1411	9.190407e+15	0.000000e+00	7.602052e-03	0.000000e+00
1412	9.191790e+15	0.000000e+00	7.294874e-03	0.000000e+00
1413	9.193451e+15	0.000000e+00	9.716710e-03	0.000000e+00
1414	9.195169e+15	0.000000e+00	1.436855e-02	0.000000e+00
1415	9.196573e+15	0.000000e+00	7.121229e-03	0.000000e+00
1416	9.198258e+15	0.000000e+00	2.064963e-02	0.000000e+00
1417	9.199312e+15	0.000000e+00	7.215732e-03	0.000000e+00
1418	9.200546e+15	0.000000e+00	6.707311e-03	0.000000e+00
1419	9.202027e+15	0.000000e+00	1.412376e-02	0.000000e+00
1420	9.203195e+15	0.000000e+00	6.542653e-03	0.000000e+00
1421	9.204597e+15	0.000000e+00	9.617334e-03	0.000000e+00
1422	9.205974e+15	0.000000e+00	6.502615e-03	0.000000e+00
1423	9.207627e+15	0.000000e+00	1.536112e-02	5.747162e+15
1424	9.208840e+15	0.000000e+00	1.101980e-02	0.000000e+00
1425	9.209946e+15	0.000000e+00	6.645584e-03	0.000000e+00
1426	9.211273e+15	0.000000e+00	1.021780e-02	0.000000e+00
1427	9.212550e+15	0.000000e+00	6.772455e-03	0.000000e+00
1428	9.214081e+15	0.000000e+00	7.365048e-03	0.000000e+00
1429	9.215859e+15	0.000000e+00	7.010011e-03	0.000000e+00
1430	9.217991e+15	0.000000e+00	2.107517e-02	0.000000e+00
1431	9.219289e+15	0.000000e+00	7.181072e-03	0.000000e+00
1432	9.220847e+15	0.000000e+00	7.310116e-03	0.000000e+00
1433	9.222708e+15	0.000000e+00	2.736572e-02	0.000000e+00
1434	9.223651e+15	0.000000e+00	7.381275e-03	0.000000e+00
1435	9.224782e+15	0.000000e+00	7.415173e-03	0.000000e+00
1436	9.226139e+15	0.000000e+00	1.114690e-02	0.000000e+00
1437	9.227446e+15	0.000000e+00	7.468542e-03	0.000000e+00
1438	9.229014e+15	0.000000e+00	7.583374e-03	0.000000e+00
1439	9.230883e+15	0.000000e+00	1.786060e-02	0.000000e+00
1440	9.232191e+15	0.000000e+00	1.442777e-02	0.000000e+00
1441	9.233761e+15	0.000000e+00	2.447057e-02	0.000000e+00
1442	9.235165e+15	0.000000e+00	1.404787e-02	0.000000e+00
1443	9.236849e+15	0.000000e+00	2.096496e-02	0.000000e+00
1444	9.238463e+15	0.000000e+00	1.345298e-02	0.000000e+00
1445	9.240400e+15	0.000000e+00	3.042870e-02	0.000000e+00
1446	9.241817e+15	0.000000e+00	1.243504e-02	0.000000e+00
1447	9.243519e+15	0.000000e+00	4.111106e-02	0.000000e+00
1448	9.244479e+15	0.000000e+00	1.102068e-02	0.000000e+00
1449	9.245631e+15	0.000000e+00	1.559269e-02	0.000000e+00
1450	9.246768e+15	0.000000e+00	1.060707e-02	0.000000e+00
1451	9.248101e+15	0.000000e+00	9.711739e-03	0.000000e+00
1452	9.249701e+15	0.000000e+00	3.402452e-02	0.000000e+00
1453	9.250608e+15	0.000000e+00	8.718232e-03	0.000000e+00
1454	9.251697e+15	0.000000e+00	8.408661e-03	6.110506e+15
1455	9.253003e+15	0.000000e+00	8.088038e-03	0.000000e+00
1456	9.254571e+15	0.000000e+00	7.735777e-03	0.000000e+00
1457	9.256452e+15	0.000000e+00	1.497272e-02	0.000000e+00
1458	9.258070e+15	0.000000e+00	1.206263e-02	0.000000e+00
1459	9.259574e+15	0.000000e+00	6.078805e-03	0.000000e+00
1460	9.261379e+15	0.000000e+00	2.654575e-02	0.000000e+00
1461	9.262346e+15	0.000000e+00	4.854447e-03	0.000000e+00
1462	9.263507e+15	0.000000e+00	4.556339e-03	0.000000e+00
1463	9.264900e+15	0.000000e+00	1.032983e-02	0.000000e+00
1464	9.266094e+15	0.000000e+00	4.167364e-03	0.000000e+00
1465	9.267526e+15	0.000000e+00	6.206428e-03	0.000000e+00
1466	9.268953e+15	0.000000e+00	3.874348e-03	0.000000e+00
1467	9.270665e+15	0.000000e+00	6.607966e-03	0.000000e+00
1468	9.272247e+15	0.000000e+00	3.527069e-03	0.000000e+00
1469	9.274147e+15	0.000000e+00	1.024431e-02	0.000000e+00
1470	9.275455e+15	0.000000e+00	9.375495e-03	0.000000e+00
1471	9.276364e+15	0.000000e+00	2.882712e-03	0.000000e+00
1472	9.277454e+15	0.000000e+00	2.788456e-03	0.000000e+00
1473	9.278762e+15	0.000000e+00	4.019637e-03	0.000000e+00
1474	9.280100e+15	0.000000e+00	2.430903e-03	0.000000e+00
1475	9.281705e+15	0.000000e+00	2.571017e-03	0.000000e+00
1476	9.283559e+15	0.000000e+00	8.045884e-03	0.000000e+00
1477	9.284839e+15	0.000000e+00	1.923312e-03	0.000000e+00
1478	9.286374e+15	0.000000e+00	2.379809e-03	0.000000e+00
1479	9.288076e+15	0.000000e+00	2.226423e-03	0.000000e+00
1480	9.289957e+15	0.000000e+00	6.181625e-03	0.000000e+00
1481	9.291350e+15	0.000000e+00	4.391204e-03	0.000000e+00
1482	9.292455e+15	0.000000e+00	9.137983e-04	0.000000e+00
1483	9.293781e+15	0.000000e+00	7.477677e-04	0.000000e+00
1484	9.295373e+15	0.000000e+00	7.966409e-04	0.000000e+00
1485	9.297216e+15	0.000000e+00	8.902002e-04	0.000000e+00
1486	9.299239e+15	0.000000e+00	2.478954e-04	0.000000e+00
1487	9.301668e+15	0.000000e+00	1.000943e-02	0.000000e+00
1488	9.302859e+15	0.000000e+00	0.000000e+00	0.000000e+00
1489	9.304288e+15	0.000000e+00	0.000000e+00	0.000000e+00
1490	9.306003e+15	0.000000e+00	1.869231e-03	0.000000e+00
1491	9.307384e+15	0.000000e+00	3.325646e-04	0.000000e+00
1492	9.308795e+15	0.000000e+00	0.000000e+00	0.000000e+00
1493	9.310489e+15	0.000000e+00	0.000000e+00	0.000000e+00
1494	9.312457e+15	0.000000e+00	2.330139e-04	0.000000e+00
1495	9.314405e+15	0.000000e+00	0.000000e+00	0.000000e+00
1496	9.316742e+15	0.000000e+00	6.155789e-03	0.000000e+00
1497	9.317790e+15	0.000000e+00	0.000000e+00	0.000000e+00
1498	9.319048e+15	0.000000e+00	1.283601e-02	0.000000e+00
1499	9.320557e+15	0.000000e+00	4.099007e-02	0.000000e+00
1500	9.322295e+15	0.000000e+00	6.958963e-02	0.000000e+00
1501	9.323772e+15	0.000000e+00	4.722049e-02	6.919512e+15
1502	9.325545e+15	0.000000e+00	1.191741e-01	0.000000e+00
1503	9.326736e+15	0.000000e+00	5.400936e-02	0.000000e+00
1504	9.328166e+15	0.000000e+00	1.298829e-01	0.000000e+00
1505	9.329435e+15	0.000000e+00	1.135954e-01	0.000000e+00
1506	9.330957e+15	0.000000e+00	2.396335e-01	0.000000e+00
1507	9.332269e+15	0.000000e+00	1.411397e-01	7.011513e+15
1508	9.333843e+15	0.000000e+00	3.350546e-01	6.988764e+15
1509	9.334962e+15	0.000000e+00	1.436941e-01	7.021077e+15
1510	9.336306e+15	0.000000e+00	1.337216e-01	0.000000e+00
1511	9.337919e+15	0.000000e+00	3.933662e-01	7.011916e+15
1512	9.338824e+15	0.000000e+00	1.461058e-01	0.000000e+00
1513	9.339910e+15	0.000000e+00	1.735386e-01	0.000000e+00
1514	9.341214e+15	0.000000e+00	1.840127e-01	0.000000e+00
1515	9.342778e+15	0.000000e+00	2.090558e-01	7.648222e+15
1516	9.344656e+15	0.000000e+00	2.346856e-01	2.941794e+16
1517	9.346736e+15	0.000000e+00	5.751820e-01	1.429306e+16
1518	9.347857e+15	0.000000e+00	1.575461e-01	0.000000e+00
1519	9.349203e+15	0.000000e+00	1.443866e-01	0.000000e+00
1520	9.350817e+15	0.000000e+00	2.712546e-01	0.000000e+00
1521	9.352052e+15	0.000000e+00	1.150195e-01	0.000000e+00
1522	9.353505e+15	0.000000e+00	9.769288e-02	0.000000e+00
1523	9.355249e+15	0.000000e+00	2.017102e-01	0.000000e+00
1524	9.356523e+15	0.000000e+00	6.977586e-02	0.000000e+00
1525	9.358051e+15	0.000000e+00	1.207242e-01	0.000000e+00
1526	9.359330e+15	0.000000e+00	5.538627e-02	0.000000e+00
1527	9.360865e+15	0.000000e+00	1.024108e-01	0.000000e+00
1528	9.362389e+15	0.000000e+00	1.868513e-01	0.000000e+00
1529	9.363480e+15	0.000000e+00	7.204147e-02	0.000000e+00
1530	9.364788e+15	0.000000e+00	6.728584e-02	0.000000e+00
1531	9.366358e+15	0.000000e+00	6.100266e-02	7.329744e+15
1532	9.368242e+15	0.000000e+00	2.080345e-01	0.000000e+00
1533	9.369316e+15	0.000000e+00	8.394871e-02	0.000000e+00
1534	9.370605e+15	0.000000e+00	1.142877e-01	0.000000e+00
1535	9.372152e+15	0.000000e+00	1.364439e-01	0.000000e+00
1536	9.373757e+15	0.000000e+00	1.687461e-01	7.518173e+15
1537	9.375141e+15	0.000000e+00	1.162932e-01	7.548874e+15
1538	9.376802e+15	0.000000e+00	1.423878e-01	0.000000e+00
1539	9.378603e+15	0.000000e+00	1.130769e-01	0.000000e+00
1540	9.380764e+15	0.000000e+00	4.161714e-01	7.635499e+15
1541	9.381982e+15	0.000000e+00	1.636782e-01	0.000000e+00
1542	9.383444e+15	0.000000e+00	3.593593e-01	0.000000e+00
1543	9.384434e+15	0.000000e+00	1.532997e-01	7.672595e+15
1544	9.385623e+15	0.000000e+00	3.003625e-01	0.000000e+00
1545	9.386650e+15	0.000000e+00	1.740050e-01	7.714870e+15
1546	9.387882e+15	0.000000e+00	1.669787e-01	0.000000e+00
1547	9.389361e+15	0.000000e+00	1.590675e-01	0.000000e+00
1548	9.391136e+15	0.000000e+00	2.609464e-01	7.924532e+15
1549	9.392632e+15	0.000000e+00	1.814018e-01	0.000000e+00
1550	9.394171e+15	0.000000e+00	2.036667e-01	0.000000e+00
1551	9.395588e+15	0.000000e+00	1.225573e-01	0.000000e+00
1552	9.397288e+15	0.000000e+00	2.000008e-01	0.000000e+00
1553	9.398757e+15	0.000000e+00	1.063132e-01	0.000000e+00
1554	9.400520e+15	0.000000e+00	1.505233e-01	0.000000e+00
1555	9.402502e+15	0.000000e+00	4.932467e-01	0.000000e+00
1556	9.403524e+15	0.000000e+00	1.491312e-01	0.000000e+00
1557	9.404750e+15	0.000000e+00	1.450832e-01	0.000000e+00
1558	9.406222e+15	0.000000e+00	1.416375e-01	8.490871e+15
1559	9.407988e+15	0.000000e+00	1.388949e-01	0.000000e+00
1560	9.410106e+15	0.000000e+00	2.235802e-01	8.478833e+15
1561	9.412035e+15	0.000000e+00	2.869808e-01	0.000000e+00
1562	9.413536e+15	0.000000e+00	1.934810e-01	0.000000e+00
1563	9.415034e+15	0.000000e+00	1.794879e-01	0.000000e+00
1564	9.416592e+15	0.000000e+00	2.993380e-01	0.000000e+00
1565	9.417755e+15	0.000000e+00	1.397323e-01	0.000000e+00
1566	9.419151e+15	0.000000e+00	1.857481e-01	0.000000e+00
1567	9.420572e+15	0.000000e+00	1.720898e-01	0.000000e+00
1568	9.422076e+15	0.000000e+00	1.345339e-01	0.000000e+00
1569	9.423881e+15	0.000000e+00	2.230912e-01	0.000000e+00
1570	9.425556e+15	0.000000e+00	1.569064e-01	0.000000e+00
1571	9.427565e+15	0.000000e+00	5.628692e-01	0.000000e+00
1572	9.428729e+15	0.000000e+00	1.872682e-01	0.000000e+00
1573	9.430125e+15	0.000000e+00	2.108967e-01	0.000000e+00
1574	9.431682e+15	0.000000e+00	1.819217e-01	8.625289e+15
1575	9.433551e+15	0.000000e+00	1.775965e-01	0.000000e+00
1576	9.435794e+15	0.000000e+00	2.659208e-01	1.722059e+16
1577	9.437882e+15	0.000000e+00	3.102955e-01	0.000000e+00
1578	9.439631e+15	0.000000e+00	1.611460e-01	0.000000e+00
1579	9.441731e+15	0.000000e+00	4.953714e-01	0.000000e+00
1580	9.442955e+15	0.000000e+00	1.512319e-01	0.000000e+00
1581	9.444425e+15	0.000000e+00	2.911174e-01	0.000000e+00
1582	9.445626e+15	0.000000e+00	1.436281e-01	0.000000e+00
1583	9.447067e+15	0.000000e+00	1.398127e-01	0.000000e+00
1584	9.448796e+15	0.000000e+00	1.351503e-01	0.000000e+00
1585	9.450871e+15	0.000000e+00	1.673463e-01	0.000000e+00
